'** First year First DOY  Latitude  Snow[mm]  GWat[mm]     NPINT'
            2001       1       51.54       0       0       1
'**	year	month	mday	globrad	tmax	tmin	vappres	wind	prec	mesfl	densef	height	lai	sai	age'
 	2001	 1	 1	 0.855	  0.4	 -5.5	0.445	1.9	 8.35	0	1	25	0.000	1	100.000
 	2001	 1	 2	 0.130	  3.8	  0.3	0.706	1.6	 1.52	0	1	25	0.000	1	100.003
 	2001	 1	 3	 0.467	  3.6	 -0.7	0.665	1.4	 0.47	0	1	25	0.000	1	100.005
 	2001	 1	 4	 0.899	  3.6	 -0.2	0.627	1.8	 7.12	0	1	25	0.000	1	100.008
 	2001	 1	 5	 0.000	  6.5	  2.0	0.820	1.9	28.47	0	1	25	0.000	1	100.011
 	2001	 1	 6	 0.069	  7.4	  2.8	0.871	1.6	 0.70	0	1	25	0.000	1	100.014
 	2001	 1	 7	 1.737	  3.5	  0.4	0.629	1.1	 0.00	0	1	25	0.000	1	100.016
 	2001	 1	 8	 1.668	  2.2	 -1.4	0.551	1.1	 0.70	0	1	25	0.000	1	100.019
 	2001	 1	 9	 0.000	  1.9	 -0.6	0.617	1.1	 4.00	0	1	25	0.000	1	100.022
 	2001	 1	10	 1.460	  0.3	 -2.3	0.536	0.8	 2.60	0	1	25	0.000	1	100.025
 	2001	 1	11	 0.596	 -1.4	 -6.9	0.421	0.9	 0.40	0	1	25	0.000	1	100.027
 	2001	 1	12	 0.708	 -0.7	 -4.9	0.452	0.6	 0.00	0	1	25	0.000	1	100.030
 	2001	 1	13	 1.711	 -3.6	 -7.4	0.356	0.7	 0.00	0	1	25	0.000	1	100.033
 	2001	 1	14	 0.942	 -3.4	 -7.2	0.357	0.8	 0.00	0	1	25	0.000	1	100.036
 	2001	 1	15	 1.296	 -3.3	 -7.3	0.370	1.3	 0.00	0	1	25	0.000	1	100.038
 	2001	 1	16	 2.091	 -3.2	 -8.5	0.273	1.0	 0.00	0	1	25	0.000	1	100.041
 	2001	 1	17	 0.864	 -5.1	-10.8	0.292	0.9	 0.00	0	1	25	0.000	1	100.044
 	2001	 1	18	 1.132	  0.8	 -6.5	0.419	0.7	 0.64	0	1	25	0.000	1	100.047
 	2001	 1	19	 1.037	 -1.1	 -5.8	0.346	0.5	 0.16	0	1	25	0.000	1	100.049
 	2001	 1	20	 0.907	 -0.7	 -3.8	0.411	0.4	 2.72	0	1	25	0.000	1	100.052
 	2001	 1	21	 0.207	 -1.3	 -4.7	0.454	0.6	 9.13	0	1	25	0.000	1	100.055
 	2001	 1	22	 0.000	  0.8	 -4.0	0.523	1.5	 8.81	0	1	25	0.000	1	100.058
 	2001	 1	23	 0.492	  3.7	  0.5	0.715	1.6	 3.90	0	1	25	0.000	1	100.060
 	2001	 1	24	 0.104	  6.7	  2.6	0.842	1.8	 3.54	0	1	25	0.000	1	100.063
 	2001	 1	25	 2.039	  5.4	  0.7	0.747	1.1	 4.26	0	1	25	0.000	1	100.066
 	2001	 1	26	 0.976	  3.1	  0.0	0.646	1.4	 0.36	0	1	25	0.000	1	100.068
 	2001	 1	27	 0.000	  0.5	 -1.2	0.543	1.8	15.05	0	1	25	0.000	1	100.071
 	2001	 1	28	 0.000	  0.6	 -0.2	0.595	1.5	 2.90	0	1	25	0.000	1	100.074
 	2001	 1	29	 0.665	  1.0	 -1.6	0.564	0.4	 0.18	0	1	25	0.000	1	100.077
 	2001	 1	30	 0.233	 -0.1	 -3.5	0.501	0.5	 1.76	0	1	25	0.000	1	100.079
 	2001	 1	31	 2.229	  0.4	 -5.0	0.483	0.4	 0.88	0	1	25	0.000	1	100.082
 	2001	 2	 1	 0.397	 -1.9	 -4.4	0.486	0.8	 1.54	0	1	25	0.000	1	100.085
 	2001	 2	 2	 0.181	 -3.4	 -7.9	0.394	0.5	 4.29	0	1	25	0.000	1	100.088
 	2001	 2	 3	 0.017	 -3.3	 -5.5	0.438	1.3	10.56	0	1	25	0.000	1	100.090
 	2001	 2	 4	 0.000	  1.5	 -5.1	0.549	0.7	15.62	0	1	25	0.000	1	100.093
 	2001	 2	 5	 0.199	  5.5	  1.8	0.791	2.0	 6.82	0	1	25	0.000	1	100.096
 	2001	 2	 6	 1.503	  7.5	  5.1	0.919	1.9	 8.39	0	1	25	0.000	1	100.099
 	2001	 2	 7	 1.426	  7.8	  5.9	0.974	1.2	 3.71	0	1	25	0.000	1	100.101
 	2001	 2	 8	 2.843	  9.3	  4.8	0.711	1.7	 1.80	0	1	25	0.000	1	100.104
 	2001	 2	 9	 1.313	  6.5	 -3.9	0.677	1.0	 0.36	0	1	25	0.000	1	100.107
 	2001	 2	10	 6.877	  4.3	 -4.9	0.533	0.8	 0.00	0	1	25	0.000	1	100.110
 	2001	 2	11	 3.041	  6.4	 -1.8	0.621	1.6	 0.12	0	1	25	0.000	1	100.112
 	2001	 2	12	 2.471	  7.5	  5.0	0.926	1.4	 2.16	0	1	25	0.000	1	100.115
 	2001	 2	13	 3.534	  5.0	  0.0	0.719	1.0	 0.00	0	1	25	0.000	1	100.118
 	2001	 2	14	 7.007	  5.2	 -2.0	0.614	0.4	 0.00	0	1	25	0.000	1	100.121
 	2001	 2	15	 8.027	 10.4	 -1.4	0.553	0.4	 0.00	0	1	25	0.000	1	100.123
 	2001	 2	16	 7.888	 11.2	  1.8	0.679	0.6	 0.45	0	1	25	0.000	1	100.126
 	2001	 2	17	 1.045	  1.9	 -1.6	0.616	0.9	 0.00	0	1	25	0.000	1	100.129
 	2001	 2	18	 1.210	  2.1	 -2.5	0.609	1.2	 1.06	0	1	25	0.000	1	100.132
 	2001	 2	19	 1.538	  1.7	 -0.2	0.633	1.5	 3.48	0	1	25	0.000	1	100.134
 	2001	 2	20	 1.106	  1.6	 -0.4	0.627	1.6	 0.60	0	1	25	0.000	1	100.137
 	2001	 2	21	 0.631	  2.9	  0.2	0.665	2.2	 2.77	0	1	25	0.000	1	100.140
 	2001	 2	22	 0.225	  0.7	 -0.7	0.599	2.2	16.25	0	1	25	0.000	1	100.142
 	2001	 2	23	 1.797	 -0.1	 -8.4	0.451	1.3	 1.81	0	1	25	0.000	1	100.145
 	2001	 2	24	 3.741	 -3.1	 -9.8	0.338	0.7	 0.00	0	1	25	0.000	1	100.148
 	2001	 2	25	 2.575	 -1.3	 -7.1	0.393	1.3	 2.89	0	1	25	0.000	1	100.151
 	2001	 2	26	 1.624	  0.4	 -4.9	0.506	1.1	 1.08	0	1	25	0.000	1	100.153
 	2001	 2	27	 6.852	 -0.1	 -6.4	0.409	1.3	 0.00	0	1	25	0.000	1	100.156
 	2001	 2	28	 6.324	  3.8	 -5.5	0.435	0.9	 0.10	0	1	25	0.000	1	100.159
 	2001	 3	 1	 3.871	  2.3	 -4.0	0.541	0.9	 2.69	0	1	25	0.000	1	100.162
 	2001	 3	 2	 0.985	 -0.1	 -3.6	0.537	0.7	 5.28	0	1	25	0.000	1	100.164
 	2001	 3	 3	 0.613	 -1.3	 -3.9	0.507	0.8	 2.80	0	1	25	0.000	1	100.167
 	2001	 3	 4	 0.397	 -2.0	 -3.4	0.501	0.9	 3.62	0	1	25	0.000	1	100.170
 	2001	 3	 5	 0.665	  0.2	 -6.2	0.487	0.5	 0.00	0	1	25	0.000	1	100.173
 	2001	 3	 6	 8.865	  2.7	 -5.5	0.539	1.3	 0.00	0	1	25	0.000	1	100.175
 	2001	 3	 7	 3.551	  2.6	 -4.1	0.546	1.2	 3.09	0	1	25	0.000	1	100.178
 	2001	 3	 8	 5.443	  7.1	 -0.3	0.787	0.8	 0.85	0	1	25	0.000	1	100.181
 	2001	 3	 9	 5.383	  8.5	  3.7	0.886	1.2	 3.31	0	1	25	0.000	1	100.184
 	2001	 3	10	 4.830	  8.5	  4.5	0.937	1.2	 5.76	0	1	25	0.000	1	100.186
 	2001	 3	11	 4.164	  9.9	  6.4	1.058	1.3	 5.12	0	1	25	0.000	1	100.189
 	2001	 3	12	 4.069	  9.2	  1.6	0.869	1.4	 2.24	0	1	25	0.000	1	100.192
 	2001	 3	13	 7.111	  5.6	  0.9	0.710	1.8	 5.38	0	1	25	0.000	1	100.195
 	2001	 3	14	 5.193	  4.5	 -0.6	0.664	2.0	 2.00	0	1	25	0.000	1	100.197
 	2001	 3	15	10.783	  7.5	 -0.9	0.660	0.6	 1.16	0	1	25	0.000	1	100.200
 	2001	 3	16	 1.875	  4.9	  1.6	0.760	0.7	 1.05	0	1	25	0.000	1	100.203
 	2001	 3	17	 1.495	  2.2	  0.5	0.648	1.9	 6.75	0	1	25	0.000	1	100.205
 	2001	 3	18	 2.471	  6.2	  0.7	0.795	0.9	11.81	0	1	25	0.000	1	100.208
 	2001	 3	19	 2.290	  5.5	 -4.5	0.657	2.3	 7.59	0	1	25	0.000	1	100.211
 	2001	 3	20	13.323	  0.7	 -6.0	0.387	0.9	 0.00	0	1	25	0.000	1	100.214
 	2001	 3	21	 2.246	 -1.2	 -3.8	0.454	1.6	 8.11	0	1	25	0.000	1	100.216
 	2001	 3	22	 3.180	  6.9	 -1.1	0.779	1.2	 0.61	0	1	25	0.000	1	100.219
 	2001	 3	23	 1.045	  6.1	  0.1	0.771	1.3	11.56	0	1	25	0.000	1	100.222
 	2001	 3	24	 4.018	  6.0	 -0.1	0.763	1.2	 6.18	0	1	25	0.000	1	100.225
 	2001	 3	25	 0.743	  0.2	 -3.0	0.555	1.7	19.56	0	1	25	0.000	1	100.227
 	2001	 3	26	 0.950	 -0.7	 -6.3	0.476	1.0	 0.81	0	1	25	0.000	1	100.230
 	2001	 3	27	 4.285	  0.0	 -7.9	0.436	1.3	 0.00	0	1	25	0.000	1	100.233
 	2001	 3	28	 3.828	  1.1	 -5.4	0.524	1.8	 0.00	0	1	25	0.000	1	100.236
 	2001	 3	29	 5.279	  7.3	  1.0	0.789	1.6	 2.39	0	1	25	0.000	1	100.238
 	2001	 3	30	10.282	  9.1	  0.6	0.798	0.8	 0.76	0	1	25	0.000	1	100.241
 	2001	 3	31	15.042	 11.4	  0.3	0.759	1.1	 0.00	0	1	25	0.000	1	100.244
 	2001	 4	 1	 9.729	 13.5	  3.9	0.907	0.9	 0.00	0	1	25	0.000	1	100.247
 	2001	 4	 2	18.075	 17.8	  5.6	0.914	1.2	 0.25	0	1	25	0.000	1	100.249
 	2001	 4	 3	 6.549	 12.7	  4.6	0.880	1.3	 1.07	0	1	25	0.000	1	100.252
 	2001	 4	 4	10.014	 14.0	  1.5	0.992	1.7	 5.96	0	1	25	0.000	1	100.255
 	2001	 4	 5	12.830	  9.2	  1.5	0.701	1.7	16.57	0	1	25	0.000	1	100.258
 	2001	 4	 6	 4.182	  9.3	  2.4	0.892	1.7	 5.01	0	1	25	0.000	1	100.260
 	2001	 4	 7	13.401	  9.9	  1.7	0.774	1.3	 0.12	0	1	25	0.000	1	100.263
 	2001	 4	 8	13.962	  9.8	  0.7	0.714	1.0	 1.79	0	1	25	0.000	1	100.266
 	2001	 4	 9	12.424	  8.8	  0.6	0.708	0.9	 1.55	0	1	25	0.000	1	100.268
 	2001	 4	10	 6.169	  9.1	  4.7	0.965	0.7	 5.19	0	1	25	0.000	1	100.271
 	2001	 4	11	 2.678	  7.5	 -0.2	0.811	0.9	 2.00	0	1	25	0.000	1	100.274
 	2001	 4	12	11.042	  4.8	 -1.9	0.571	1.5	 2.00	0	1	25	0.000	1	100.277
 	2001	 4	13	10.325	  2.3	 -3.8	0.414	0.9	 0.64	0	1	25	0.000	1	100.279
 	2001	 4	14	14.100	  2.6	 -6.5	0.361	1.0	 0.00	0	1	25	0.000	1	100.282
 	2001	 4	15	 1.970	  3.4	 -2.3	0.628	1.2	19.76	0	1	25	0.000	1	100.285
 	2001	 4	16	 3.171	  2.9	  0.8	0.700	1.2	 3.28	0	1	25	0.000	1	100.288
 	2001	 4	17	 5.806	  4.0	  0.4	0.642	1.1	 0.31	0	1	25	0.000	1	100.290
 	2001	 4	18	 2.765	  2.4	 -0.6	0.623	1.5	 3.66	0	1	25	0.000	1	100.293
 	2001	 4	19	 8.545	  3.1	 -1.6	0.575	1.4	 2.75	0	1	25	0.000	1	100.296
 	2001	 4	20	 7.353	  5.0	 -2.0	0.581	0.6	 0.23	0	1	25	0.000	1	100.299
 	2001	 4	21	13.954	  8.5	 -1.2	0.593	1.0	 0.15	0	1	25	0.000	1	100.301
 	2001	 4	22	15.371	  7.8	 -1.7	0.527	0.7	 0.00	0	1	25	0.000	1	100.304
 	2001	 4	23	16.675	 11.2	 -1.5	0.554	0.6	 0.00	0	1	25	0.000	1	100.307
 	2001	 4	24	15.803	 14.8	  0.4	0.601	0.9	 0.58	0	1	25	0.000	1	100.310
 	2001	 4	25	 2.964	  8.9	  5.5	0.940	0.8	13.21	0	1	25	0.000	1	100.312
 	2001	 4	26	 8.761	  9.7	  3.0	0.902	1.4	 3.69	0	1	25	0.000	1	100.315
 	2001	 4	27	 7.828	  8.8	  2.6	0.869	0.9	 4.66	0	1	25	0.000	1	100.318
 	2001	 4	28	 9.305	  9.8	  5.2	0.964	1.2	 1.85	0	1	25	0.000	1	100.321
 	2001	 4	29	13.185	 16.0	  5.8	1.096	1.0	 2.43	0	1	25	0.000	1	100.323
 	2001	 4	30	18.429	 20.4	  8.9	1.256	0.7	 0.10	0	1	25	0.000	1	100.326
 	2001	 5	 1	22.032	 20.9	  9.8	1.271	1.3	 0.00	0	1	25	0.000	1	100.329
 	2001	 5	 2	22.706	 18.1	  6.7	0.979	1.3	 0.00	0	1	25	0.000	1	100.332
 	2001	 5	 3	24.408	 24.8	  9.7	1.278	1.2	 0.00	0	1	25	0.000	1	100.334
 	2001	 5	 4	10.765	 14.7	  6.3	1.182	1.2	 0.00	0	1	25	0.000	1	100.337
 	2001	 5	 5	 6.204	  8.3	  4.5	0.872	1.2	 0.00	0	1	25	0.000	1	100.340
 	2001	 5	 6	 6.877	 10.4	  3.5	0.808	1.0	 0.00	0	1	25	0.000	1	100.342
 	2001	 5	 7	13.297	 10.2	  3.5	0.771	1.1	 0.00	0	1	25	0.000	1	100.345
 	2001	 5	 8	25.384	 16.6	  5.6	1.077	0.7	 0.00	0	1	25	0.000	1	100.348
 	2001	 5	 9	25.747	 20.4	  8.7	1.233	1.1	 0.00	0	1	25	0.000	1	100.351
 	2001	 5	10	27.354	 21.2	  8.7	0.984	1.4	 0.00	0	1	25	0.000	1	100.353
 	2001	 5	11	27.328	 21.6	  8.5	0.886	0.8	 0.00	0	1	25	0.000	1	100.356
 	2001	 5	12	26.171	 19.1	  6.0	0.849	1.1	 0.00	0	1	25	0.000	1	100.359
 	2001	 5	13	23.250	 20.1	  8.2	0.860	1.0	 0.00	0	1	25	0.000	1	100.362
 	2001	 5	14	19.380	 23.8	  9.2	0.966	0.6	 0.00	0	1	25	0.000	1	100.364
 	2001	 5	15	15.267	 18.0	  7.7	1.184	1.0	 0.09	0	1	25	0.179	1	100.367
 	2001	 5	16	17.738	 18.4	  8.0	1.324	1.3	 5.92	0	1	25	0.357	1	100.370
 	2001	 5	17	15.716	 18.3	  7.0	1.366	1.2	 2.57	0	1	25	0.536	1	100.373
 	2001	 5	18	 8.968	 11.3	  4.4	0.925	1.5	 3.43	0	1	25	0.714	1	100.375
 	2001	 5	19	10.359	 12.7	  3.6	0.938	1.2	 0.00	0	1	25	0.893	1	100.378
 	2001	 5	20	20.010	 17.6	  3.1	0.930	0.4	 0.00	0	1	25	1.071	1	100.381
 	2001	 5	21	16.641	 13.7	  3.7	0.946	0.8	 0.00	0	1	25	1.250	1	100.384
 	2001	 5	22	18.187	 14.5	  5.0	0.833	0.8	 0.08	0	1	25	1.429	1	100.386
 	2001	 5	23	29.359	 19.9	  4.1	0.770	1.0	 0.00	0	1	25	1.607	1	100.389
 	2001	 5	24	29.566	 23.1	  7.3	0.866	0.7	 0.00	0	1	25	1.786	1	100.392
 	2001	 5	25	30.447	 20.4	  4.9	0.702	0.6	 0.00	0	1	25	1.964	1	100.395
 	2001	 5	26	25.998	 23.7	  6.4	0.856	0.7	 0.00	0	1	25	2.143	1	100.397
 	2001	 5	27	14.360	 20.5	 10.3	1.118	1.2	 0.59	0	1	25	2.321	1	100.400
 	2001	 5	28	 3.249	 15.6	 13.0	1.488	1.7	 2.45	0	1	25	2.500	1	100.403
 	2001	 5	29	23.725	 19.5	  9.4	1.051	2.1	 0.10	0	1	25	2.679	1	100.405
 	2001	 5	30	20.987	 19.2	  8.3	1.594	0.9	 0.00	0	1	25	2.857	1	100.408
 	2001	 5	31	13.945	 15.8	  6.4	1.378	1.0	14.99	0	1	25	3.036	1	100.411
 	2001	 6	 1	 7.733	 11.9	  6.3	1.115	1.2	 6.10	0	1	25	3.214	1	100.414
 	2001	 6	 2	 4.467	 10.9	  4.9	1.085	1.5	16.12	0	1	25	3.393	1	100.416
 	2001	 6	 3	 7.448	  9.1	  3.5	0.961	2.3	16.02	0	1	25	3.571	1	100.419
 	2001	 6	 4	 5.270	  8.6	  3.7	0.947	1.6	 3.10	0	1	25	3.750	1	100.422
 	2001	 6	 5	12.208	 14.1	  6.6	1.137	0.9	 2.77	0	1	25	3.929	1	100.425
 	2001	 6	 6	15.163	 18.5	  7.5	1.425	0.7	13.12	0	1	25	4.107	1	100.427
 	2001	 6	 7	 7.422	 14.0	  6.7	1.226	1.4	 5.82	0	1	25	4.286	1	100.430
 	2001	 6	 8	11.258	 12.5	  5.2	1.109	0.7	 5.08	0	1	25	4.464	1	100.433
 	2001	 6	 9	19.570	 13.4	  4.0	0.917	0.6	 0.00	0	1	25	4.643	1	100.436
 	2001	 6	10	13.764	 14.5	  3.8	1.018	0.6	 0.46	0	1	25	4.821	1	100.438
 	2001	 6	11	17.410	 16.1	  3.2	1.065	1.0	 0.37	0	1	25	5.000	1	100.441
 	2001	 6	12	 8.415	 14.6	  5.6	1.131	1.1	 0.19	0	1	25	5.000	1	100.444
 	2001	 6	13	15.371	 17.0	  5.2	0.875	0.5	 0.10	0	1	25	5.000	1	100.447
 	2001	 6	14	19.431	 19.4	  7.9	1.195	0.7	 0.00	0	1	25	5.000	1	100.449
 	2001	 6	15	22.101	 22.2	  9.6	1.433	0.9	 5.10	0	1	25	5.000	1	100.452
 	2001	 6	16	18.429	 19.7	 10.2	1.540	1.0	 0.48	0	1	25	5.000	1	100.455
 	2001	 6	17	14.844	 18.3	  9.6	1.517	0.8	 7.50	0	1	25	5.000	1	100.458
 	2001	 6	18	 3.620	 11.5	  7.6	1.200	1.2	11.63	0	1	25	5.000	1	100.460
 	2001	 6	19	 6.428	 10.5	  4.2	1.005	0.9	 0.09	0	1	25	5.000	1	100.463
 	2001	 6	20	28.477	 19.2	  4.0	1.094	0.5	 0.00	0	1	25	5.000	1	100.466
 	2001	 6	21	17.781	 20.3	  9.6	1.216	1.2	 0.00	0	1	25	5.000	1	100.468
 	2001	 6	22	 8.605	 12.8	  7.8	1.167	1.6	 6.42	0	1	25	5.000	1	100.471
 	2001	 6	23	 7.258	 14.4	  8.2	1.255	1.1	 0.00	0	1	25	5.000	1	100.474
 	2001	 6	24	29.903	 20.6	  7.0	1.234	0.5	 0.00	0	1	25	5.000	1	100.477
 	2001	 6	25	28.495	 22.2	  9.1	1.226	0.7	 0.00	0	1	25	5.000	1	100.479
 	2001	 6	26	28.452	 23.4	  8.5	1.276	0.8	 0.10	0	1	25	5.000	1	100.482
 	2001	 6	27	19.837	 26.7	 12.8	1.470	1.0	 0.00	0	1	25	5.000	1	100.485
 	2001	 6	28	13.349	 22.1	 12.6	1.709	1.0	 0.00	0	1	25	5.000	1	100.488
 	2001	 6	29	17.410	 22.9	 11.8	1.462	0.7	 0.00	0	1	25	5.000	1	100.490
 	2001	 6	30	17.461	 24.1	 11.7	1.685	0.7	23.38	0	1	25	5.000	1	100.493
 	2001	 7	 1	14.723	 18.7	 11.2	1.499	1.2	 0.00	0	1	25	5.000	1	100.496
 	2001	 7	 2	22.818	 19.8	  9.2	1.355	0.8	 0.00	0	1	25	5.000	1	100.499
 	2001	 7	 3	27.950	 21.1	  8.7	1.251	0.8	 0.11	0	1	25	5.000	1	100.501
 	2001	 7	 4	26.101	 24.4	  9.7	1.363	1.6	 0.00	0	1	25	5.000	1	100.504
 	2001	 7	 5	28.832	 26.7	 14.1	1.534	1.1	 0.00	0	1	25	5.000	1	100.507
 	2001	 7	 6	25.704	 26.8	 14.1	1.283	1.2	 0.00	0	1	25	5.000	1	100.510
 	2001	 7	 7	23.000	 26.2	 15.7	1.763	1.4	 3.09	0	1	25	5.000	1	100.512
 	2001	 7	 8	 2.635	 15.7	 13.0	1.608	1.5	17.03	0	1	25	5.000	1	100.515
 	2001	 7	 9	 3.767	 14.1	 11.7	1.477	1.3	 8.41	0	1	25	5.000	1	100.518
 	2001	 7	10	19.362	 22.4	 11.1	1.552	0.9	 4.24	0	1	25	5.000	1	100.521
 	2001	 7	11	18.801	 18.8	  9.9	1.237	1.9	 0.00	0	1	25	5.000	1	100.523
 	2001	 7	12	13.876	 18.2	  8.4	1.165	1.4	 1.54	0	1	25	5.000	1	100.526
 	2001	 7	13	17.487	 18.0	 10.3	1.227	1.3	 5.87	0	1	25	5.000	1	100.529
 	2001	 7	14	10.558	 17.8	 10.8	1.633	0.9	 5.59	0	1	25	5.000	1	100.532
 	2001	 7	15	10.187	 14.9	 10.3	1.297	0.8	 4.24	0	1	25	5.000	1	100.534
 	2001	 7	16	 9.063	 13.3	  9.4	1.245	0.5	 0.96	0	1	25	5.000	1	100.537
 	2001	 7	17	15.163	 18.2	  8.0	1.249	0.6	 1.89	0	1	25	5.000	1	100.540
 	2001	 7	18	16.114	 19.5	  9.6	1.402	1.3	 0.86	0	1	25	5.000	1	100.542
 	2001	 7	19	12.156	 16.3	  9.9	1.368	1.3	 1.34	0	1	25	5.000	1	100.545
 	2001	 7	20	11.552	 17.7	 10.8	1.461	1.0	 5.11	0	1	25	5.000	1	100.548
 	2001	 7	21	22.671	 20.3	  9.5	1.356	0.9	 0.24	0	1	25	5.000	1	100.551
 	2001	 7	22	17.755	 23.0	 12.7	1.497	0.5	 0.00	0	1	25	5.000	1	100.553
 	2001	 7	23	20.546	 25.7	 13.0	1.464	0.6	 0.00	0	1	25	5.000	1	100.556
 	2001	 7	24	20.244	 26.9	 14.6	1.796	0.6	 0.00	0	1	25	5.000	1	100.559
 	2001	 7	25	25.220	 24.7	 12.9	1.587	0.6	 0.00	0	1	25	5.000	1	100.562
 	2001	 7	26	25.955	 26.3	 12.4	1.531	0.4	 0.00	0	1	25	5.000	1	100.564
 	2001	 7	27	26.715	 27.9	 13.8	1.254	0.5	 0.00	0	1	25	5.000	1	100.567
 	2001	 7	28	21.790	 29.0	 16.0	1.631	0.7	 0.00	0	1	25	5.000	1	100.570
 	2001	 7	29	26.378	 24.8	 12.9	1.593	0.7	 0.00	0	1	25	5.000	1	100.573
 	2001	 7	30	23.916	 27.1	 12.3	1.580	1.0	 0.00	0	1	25	5.000	1	100.575
 	2001	 7	31	19.328	 27.0	 15.7	1.631	1.2	 0.10	0	1	25	5.000	1	100.578
 	2001	 8	 1	17.159	 21.2	 10.8	1.316	0.7	 0.10	0	1	25	5.000	1	100.581
 	2001	 8	 2	21.842	 23.7	 10.7	1.160	1.6	 0.00	0	1	25	5.000	1	100.584
 	2001	 8	 3	10.765	 24.3	 12.3	1.810	1.3	 8.46	0	1	25	5.000	1	100.586
 	2001	 8	 4	 9.513	 19.2	 10.6	1.594	1.1	 3.94	0	1	25	5.000	1	100.589
 	2001	 8	 5	11.699	 16.3	  9.1	1.384	1.2	 5.67	0	1	25	5.000	1	100.592
 	2001	 8	 6	 6.247	 16.0	  8.2	1.424	0.8	15.57	0	1	25	5.000	1	100.595
 	2001	 8	 7	 6.273	 16.3	 12.9	1.537	1.4	 9.17	0	1	25	5.000	1	100.597
 	2001	 8	 8	11.448	 18.9	 10.9	1.569	1.8	 3.09	0	1	25	5.000	1	100.600
 	2001	 8	 9	13.150	 18.2	  9.2	1.546	1.0	 9.62	0	1	25	5.000	1	100.603
 	2001	 8	10	12.977	 14.2	  6.9	1.255	1.1	 2.81	0	1	25	5.000	1	100.605
 	2001	 8	11	14.844	 16.8	  6.8	1.219	1.1	 0.00	0	1	25	5.000	1	100.608
 	2001	 8	12	13.928	 20.9	  9.6	1.504	1.3	 2.81	0	1	25	5.000	1	100.611
 	2001	 8	13	 4.683	 19.0	 13.4	1.774	1.4	 0.18	0	1	25	5.000	1	100.614
 	2001	 8	14	21.064	 27.0	 14.0	1.988	0.6	 0.08	0	1	25	5.000	1	100.616
 	2001	 8	15	22.680	 30.4	 17.7	1.974	0.8	 2.24	0	1	25	5.000	1	100.619
 	2001	 8	16	19.025	 27.0	 15.1	1.981	1.2	 0.54	0	1	25	5.000	1	100.622
 	2001	 8	17	20.183	 22.8	 13.6	1.582	0.6	 0.00	0	1	25	5.000	1	100.625
 	2001	 8	18	17.556	 23.7	 14.0	1.653	1.6	 0.00	0	1	25	5.000	1	100.627
 	2001	 8	19	12.424	 23.2	 14.5	1.483	1.1	 1.08	0	1	25	5.000	1	100.630
 	2001	 8	20	 9.029	 19.3	 13.1	1.499	0.6	 1.23	0	1	25	5.000	1	100.633
 	2001	 8	21	13.167	 21.4	 11.9	1.715	0.6	 0.10	0	1	25	5.000	1	100.636
 	2001	 8	22	16.710	 24.1	 13.2	1.604	0.7	 0.00	0	1	25	5.000	1	100.638
 	2001	 8	23	16.373	 25.8	 14.1	1.208	0.7	 0.00	0	1	25	5.000	1	100.641
 	2001	 8	24	16.822	 27.0	 16.0	1.938	0.4	 0.00	0	1	25	5.000	1	100.644
 	2001	 8	25	14.057	 28.8	 15.7	1.551	0.5	12.09	0	1	25	5.000	1	100.647
 	2001	 8	26	18.092	 29.7	 16.2	2.194	0.7	 0.67	0	1	25	5.000	1	100.649
 	2001	 8	27	 6.981	 19.6	  8.2	1.448	1.0	 5.28	0	1	25	5.000	1	100.652
 	2001	 8	28	14.092	 16.2	  6.9	1.135	1.2	 0.11	0	1	25	5.000	1	100.655
 	2001	 8	29	16.027	 17.6	  6.8	1.140	0.7	 0.00	0	1	25	5.000	1	100.658
 	2001	 8	30	17.738	 20.8	  8.5	1.070	1.0	 2.76	0	1	25	5.000	1	100.660
 	2001	 8	31	12.632	 19.1	 11.5	1.374	0.8	 0.00	0	1	25	5.000	1	100.663
 	2001	 9	 1	 7.586	 17.6	 11.1	1.450	0.9	 0.00	0	1	25	5.000	1	100.666
 	2001	 9	 2	 8.891	 16.4	  7.9	1.290	1.0	 2.98	0	1	25	5.000	1	100.668
 	2001	 9	 3	 2.618	 15.3	 10.3	1.496	1.2	14.92	0	1	25	5.000	1	100.671
 	2001	 9	 4	 5.175	 12.3	  9.0	1.264	1.1	23.47	0	1	25	5.000	1	100.674
 	2001	 9	 5	 8.104	 14.2	  9.0	1.356	1.1	11.38	0	1	25	5.000	1	100.677
 	2001	 9	 6	 5.365	 12.2	  6.2	1.161	0.8	 1.78	0	1	25	5.000	1	100.679
 	2001	 9	 7	 1.495	 10.8	  8.3	1.195	1.5	29.28	0	1	25	5.000	1	100.682
 	2001	 9	 8	 5.633	 11.6	  5.7	1.095	2.3	 6.99	0	1	25	5.000	1	100.685
 	2001	 9	 9	 2.644	  8.8	  5.4	0.984	2.5	18.73	0	1	25	5.000	1	100.688
 	2001	 9	10	 1.339	  9.4	  7.6	1.101	2.5	10.79	0	1	25	5.000	1	100.690
 	2001	 9	11	 2.748	  9.6	  6.6	1.053	2.1	 8.18	0	1	25	5.000	1	100.693
 	2001	 9	12	 5.556	 12.2	  8.4	1.211	1.3	 3.67	0	1	25	5.000	1	100.696
 	2001	 9	13	 3.992	 13.9	  6.7	1.233	1.3	12.68	0	1	25	5.000	1	100.699
 	2001	 9	14	 4.519	 12.3	  7.2	1.199	0.9	 5.45	0	1	25	5.000	1	100.701
 	2001	 9	15	 3.378	 11.2	  6.5	1.138	1.2	 7.33	0	1	25	5.000	1	100.704
 	2001	 9	16	 4.372	 11.8	  6.1	1.151	0.7	 6.34	0	1	25	5.000	1	100.707
 	2001	 9	17	 6.316	 12.2	  4.3	1.047	0.6	 0.10	0	1	25	5.000	1	100.710
 	2001	 9	18	11.638	 13.3	  3.9	1.062	0.7	 0.00	0	1	25	5.000	1	100.712
 	2001	 9	19	 7.465	 13.7	  5.9	1.098	1.6	14.03	0	1	25	5.000	1	100.715
 	2001	 9	20	 1.486	 10.2	  8.1	1.162	1.4	22.32	0	1	25	5.000	1	100.718
 	2001	 9	21	 1.477	 10.1	  8.3	1.166	1.4	17.96	0	1	25	5.000	1	100.721
 	2001	 9	22	 2.644	  9.5	  7.5	1.112	1.4	12.44	0	1	25	5.000	1	100.723
 	2001	 9	23	 7.456	 13.4	  6.5	1.228	0.8	 0.11	0	1	25	5.000	1	100.726
 	2001	 9	24	 8.977	 12.8	  5.1	1.119	1.1	 0.11	0	1	25	5.000	1	100.729
 	2001	 9	25	 6.998	 13.2	  3.5	1.082	0.3	 0.23	0	1	25	5.000	1	100.732
 	2001	 9	26	11.638	 15.2	  5.3	1.244	0.6	 7.70	0	1	25	5.000	1	100.734
 	2001	 9	27	 1.806	 13.2	  6.5	1.243	1.3	14.01	0	1	25	5.000	1	100.737
 	2001	 9	28	 2.661	 14.0	 10.0	1.413	1.2	 0.00	0	1	25	5.000	1	100.740
 	2001	 9	29	10.135	 18.0	  8.6	1.511	1.1	 6.54	0	1	25	5.000	1	100.742
 	2001	 9	30	 3.084	 14.3	  8.8	1.381	1.0	 1.98	0	1	25	5.000	1	100.745
 	2001	10	 1	 2.635	 15.6	  9.4	1.461	1.6	 8.99	0	1	25	5.000	1	100.748
 	2001	10	 2	 5.089	 19.2	 11.2	1.689	1.7	 5.37	0	1	25	5.000	1	100.751
 	2001	10	 3	 1.987	 13.9	 10.0	1.408	1.1	 5.16	0	1	25	5.000	1	100.753
 	2001	10	 4	 8.882	 14.1	  7.1	1.178	1.2	 0.00	0	1	25	5.000	1	100.756
 	2001	10	 5	 5.772	 13.3	  6.1	1.160	0.8	 0.00	0	1	25	5.000	1	100.759
 	2001	10	 6	 6.938	 15.5	  7.2	1.333	1.0	 0.21	0	1	25	5.000	1	100.762
 	2001	10	 7	 2.393	 14.4	 10.6	1.430	1.1	 0.10	0	1	25	4.914	1	100.764
 	2001	10	 8	 2.998	 13.2	  7.9	1.240	1.5	 1.76	0	1	25	4.828	1	100.767
 	2001	10	 9	 4.346	 13.1	  8.0	1.161	1.5	 0.00	0	1	25	4.741	1	100.770
 	2001	10	10	 7.932	 14.0	  8.6	1.127	1.7	 0.00	0	1	25	4.655	1	100.773
 	2001	10	11	 1.642	 12.0	  9.4	1.175	1.6	 0.00	0	1	25	4.569	1	100.775
 	2001	10	12	 7.491	 18.3	  7.4	1.253	0.6	 0.00	0	1	25	4.483	1	100.778
 	2001	10	13	 6.480	 20.3	 10.6	1.318	0.7	 0.00	0	1	25	4.397	1	100.781
 	2001	10	14	 6.350	 21.1	 12.1	1.194	0.8	 0.00	0	1	25	4.310	1	100.784
 	2001	10	15	 4.553	 17.5	 11.2	1.482	0.8	 0.00	0	1	25	4.224	1	100.786
 	2001	10	16	 3.491	 16.5	  8.6	1.288	0.9	 0.00	0	1	25	4.138	1	100.789
 	2001	10	17	 4.035	 16.3	  7.9	1.401	1.4	 0.00	0	1	25	4.052	1	100.792
 	2001	10	18	 4.000	 14.1	  8.2	1.308	1.2	 0.00	0	1	25	3.966	1	100.795
 	2001	10	19	 3.750	 16.8	  7.3	1.248	1.1	 0.00	0	1	25	3.879	1	100.797
 	2001	10	20	 2.981	 16.2	  7.5	1.065	1.2	 0.00	0	1	25	3.793	1	100.800
 	2001	10	21	 2.730	 11.3	  6.4	1.093	0.9	 0.00	0	1	25	3.707	1	100.803
 	2001	10	22	 2.540	 12.2	  8.0	1.122	1.0	 0.00	0	1	25	3.621	1	100.805
 	2001	10	23	 4.320	 12.4	  5.9	1.078	0.8	 3.19	0	1	25	3.534	1	100.808
 	2001	10	24	 2.203	 11.4	  6.5	1.158	0.7	 7.21	0	1	25	3.448	1	100.811
 	2001	10	25	 1.987	 10.4	  7.8	1.160	0.9	 3.52	0	1	25	3.362	1	100.814
 	2001	10	26	 2.056	 10.1	  6.7	1.098	1.0	 0.00	0	1	25	3.276	1	100.816
 	2001	10	27	 0.881	 10.1	  6.8	1.112	1.2	 7.88	0	1	25	3.190	1	100.819
 	2001	10	28	 1.054	  9.6	  7.3	1.109	1.2	 0.00	0	1	25	3.103	1	100.822
 	2001	10	29	 1.348	  8.6	  6.6	1.004	1.7	 0.17	0	1	25	3.017	1	100.825
 	2001	10	30	 5.270	 15.6	  8.6	1.113	2.0	 0.10	0	1	25	2.931	1	100.827
 	2001	10	31	 1.287	 13.2	  4.5	0.956	1.2	 2.30	0	1	25	2.845	1	100.830
 	2001	11	 1	 2.108	  6.0	  4.1	0.842	1.2	 2.78	0	1	25	2.759	1	100.833
 	2001	11	 2	 2.497	  8.2	  4.9	0.948	0.9	 0.00	0	1	25	2.672	1	100.836
 	2001	11	 3	 2.177	  8.3	  4.3	0.857	0.9	 0.00	0	1	25	2.586	1	100.838
 	2001	11	 4	 2.238	  7.7	  4.3	0.837	1.0	 0.77	0	1	25	2.500	1	100.841
 	2001	11	 5	 4.173	  6.0	  1.2	0.657	1.3	 0.00	0	1	25	2.414	1	100.844
 	2001	11	 6	 0.259	  6.0	  1.6	0.762	1.9	 9.21	0	1	25	2.328	1	100.847
 	2001	11	 7	 0.657	  5.6	  3.2	0.839	1.4	15.86	0	1	25	2.241	1	100.849
 	2001	11	 8	 0.544	  5.2	 -1.0	0.712	1.5	12.13	0	1	25	2.155	1	100.852
 	2001	11	 9	 0.838	 -0.5	 -5.3	0.445	1.1	 0.12	0	1	25	2.069	1	100.855
 	2001	11	10	 3.914	 -1.5	 -7.0	0.382	0.6	 0.00	0	1	25	1.983	1	100.858
 	2001	11	11	 0.804	  1.9	 -3.7	0.489	0.9	 3.38	0	1	25	1.897	1	100.860
 	2001	11	12	 1.339	  6.1	  1.9	0.821	0.9	12.71	0	1	25	1.810	1	100.863
 	2001	11	13	 3.612	  6.1	 -2.1	0.674	0.8	 0.56	0	1	25	1.724	1	100.866
 	2001	11	14	 3.171	  1.0	 -2.9	0.529	0.8	 0.09	0	1	25	1.638	1	100.868
 	2001	11	15	 3.992	  0.1	 -4.7	0.492	0.8	 0.19	0	1	25	1.552	1	100.871
 	2001	11	16	 1.832	  4.6	 -0.2	0.725	0.7	 0.37	0	1	25	1.466	1	100.874
 	2001	11	17	 1.693	  5.0	  1.8	0.776	0.3	 0.84	0	1	25	1.379	1	100.877
 	2001	11	18	 2.220	  5.5	  0.7	0.765	0.4	 0.28	0	1	25	1.293	1	100.879
 	2001	11	19	 0.657	  4.5	  2.6	0.789	0.5	 1.67	0	1	25	1.207	1	100.882
 	2001	11	20	 1.590	  4.6	  3.3	0.811	0.8	 0.76	0	1	25	1.121	1	100.885
 	2001	11	21	 1.598	  5.5	  3.3	0.797	1.8	 7.41	0	1	25	1.034	1	100.888
 	2001	11	22	 0.458	  5.4	 -1.3	0.726	2.1	10.54	0	1	25	0.948	1	100.890
 	2001	11	23	 0.492	  0.2	 -1.7	0.579	1.2	 2.28	0	1	25	0.862	1	100.893
 	2001	11	24	 0.441	  1.4	  0.0	0.643	0.9	 4.46	0	1	25	0.776	1	100.896
 	2001	11	25	 0.847	  6.4	  1.4	0.819	0.6	 9.40	0	1	25	0.690	1	100.899
 	2001	11	26	 0.769	  6.5	  2.1	0.839	0.7	 2.47	0	1	25	0.603	1	100.901
 	2001	11	27	 0.570	  2.7	  0.3	0.683	0.5	 5.10	0	1	25	0.517	1	100.904
 	2001	11	28	 0.337	  3.2	  0.2	0.694	1.4	 3.33	0	1	25	0.431	1	100.907
 	2001	11	29	 0.164	  3.7	  1.9	0.748	1.3	 9.32	0	1	25	0.345	1	100.910
 	2001	11	30	 0.302	  5.0	  3.7	0.834	1.1	 3.04	0	1	25	0.259	1	100.912
 	2001	12	 1	 0.043	  7.1	  4.6	0.929	1.1	 7.65	0	1	25	0.172	1	100.915
 	2001	12	 2	 0.588	  7.7	  5.0	0.962	0.6	 0.10	0	1	25	0.086	1	100.918
 	2001	12	 3	 0.147	  5.7	  1.3	0.793	0.7	 0.39	0	1	25	0.000	1	100.921
 	2001	12	 4	 0.000	  5.6	  0.2	0.757	1.4	 8.60	0	1	25	0.000	1	100.923
 	2001	12	 5	 0.760	  5.8	  3.4	0.842	1.5	12.80	0	1	25	0.000	1	100.926
 	2001	12	 6	 0.000	  6.1	 -0.6	0.763	1.6	 2.44	0	1	25	0.000	1	100.929
 	2001	12	 7	 0.769	  0.4	 -3.0	0.537	0.5	 0.00	0	1	25	0.000	1	100.932
 	2001	12	 8	 0.985	  0.5	 -3.1	0.554	0.9	 0.00	0	1	25	0.000	1	100.934
 	2001	12	 9	 1.279	 -2.1	 -4.8	0.442	0.8	 0.00	0	1	25	0.000	1	100.937
 	2001	12	10	 0.320	  1.4	 -4.7	0.487	0.5	 0.20	0	1	25	0.000	1	100.940
 	2001	12	11	 1.140	  2.1	 -0.4	0.652	0.7	 0.42	0	1	25	0.000	1	100.942
 	2001	12	12	 0.423	  1.5	 -0.7	0.631	0.7	 2.11	0	1	25	0.000	1	100.945
 	2001	12	13	 0.596	 -0.7	-11.5	0.363	1.4	 0.11	0	1	25	0.000	1	100.948
 	2001	12	14	 1.002	 -6.0	-12.4	0.247	0.7	 0.11	0	1	25	0.000	1	100.951
 	2001	12	15	 0.000	 -2.2	 -6.8	0.417	0.6	 0.42	0	1	25	0.000	1	100.953
 	2001	12	16	 0.458	 -2.0	 -4.5	0.468	0.6	 1.80	0	1	25	0.000	1	100.956
 	2001	12	17	 0.000	 -1.6	 -3.6	0.506	0.5	 1.16	0	1	25	0.000	1	100.959
 	2001	12	18	 0.000	  0.0	 -2.5	0.560	0.6	 2.76	0	1	25	0.000	1	100.962
 	2001	12	19	 0.000	  0.9	 -0.1	0.629	2.1	 7.66	0	1	25	0.000	1	100.964
 	2001	12	20	 0.760	 -0.1	 -8.2	0.440	1.2	 4.36	0	1	25	0.000	1	100.967
 	2001	12	21	 0.000	  0.0	 -6.6	0.487	2.4	19.46	0	1	25	0.000	1	100.970
 	2001	12	22	 0.000	 -0.9	 -5.5	0.489	1.3	11.17	0	1	25	0.000	1	100.973
 	2001	12	23	 0.536	 -5.5	-11.2	0.323	0.9	 0.43	0	1	25	0.000	1	100.975
 	2001	12	24	 0.000	 -1.2	-11.3	0.392	2.0	16.91	0	1	25	0.000	1	100.978
 	2001	12	25	 0.000	  0.6	 -1.2	0.599	2.0	 9.68	0	1	25	0.000	1	100.981
 	2001	12	26	 0.000	  0.2	 -2.3	0.568	1.6	 1.28	0	1	25	0.000	1	100.984
 	2001	12	27	 0.536	 -0.8	 -3.3	0.512	1.8	19.25	0	1	25	0.000	1	100.986
 	2001	12	28	 0.000	  1.4	 -0.8	0.601	2.6	 5.43	0	1	25	0.000	1	100.989
 	2001	12	29	 0.380	  0.0	 -2.0	0.529	1.2	13.31	0	1	25	0.000	1	100.992
 	2001	12	30	 0.000	 -1.9	 -5.5	0.464	1.7	 3.58	0	1	25	0.000	1	100.995
 	2001	12	31	 0.000	 -4.4	 -8.9	0.365	0.9	 1.64	0	1	25	0.000	1	100.997
 	2002	 1	 1	 0.000	 -0.9	 -4.9	0.448	1.4	 0.31	0	1	25	0.000	1	101.000
 	2002	 1	 2	 0.000	 -1.0	 -5.9	0.437	0.9	 1.67	0	1	25	0.000	1	101.003
 	2002	 1	 3	 0.804	 -5.9	-11.8	0.272	1.1	 0.00	0	1	25	0.000	1	101.005
 	2002	 1	 4	 0.363	 -8.5	-12.4	0.184	0.7	 0.00	0	1	25	0.000	1	101.008
 	2002	 1	 5	 1.002	 -4.4	 -9.3	0.197	0.8	 0.00	0	1	25	0.000	1	101.011
 	2002	 1	 6	 0.000	 -0.4	 -4.8	0.444	0.8	 2.33	0	1	25	0.000	1	101.014
 	2002	 1	 7	 0.000	  0.5	 -0.9	0.554	0.4	 1.00	0	1	25	0.000	1	101.016
 	2002	 1	 8	 0.553	 -0.1	 -2.7	0.509	0.5	 0.00	0	1	25	0.000	1	101.019
 	2002	 1	 9	 1.642	 -2.6	 -7.2	0.391	0.4	 0.00	0	1	25	0.000	1	101.022
 	2002	 1	10	 1.650	 -0.8	 -8.9	0.391	0.6	 0.00	0	1	25	0.000	1	101.025
 	2002	 1	11	 0.847	 -2.4	 -8.2	0.374	0.9	 1.16	0	1	25	0.000	1	101.027
 	2002	 1	12	 0.000	  0.1	 -2.5	0.517	0.5	 4.04	0	1	25	0.000	1	101.030
 	2002	 1	13	 0.000	  0.4	 -2.0	0.532	0.4	 0.00	0	1	25	0.000	1	101.033
 	2002	 1	14	 0.026	 -1.6	 -5.6	0.435	0.5	 0.00	0	1	25	0.000	1	101.036
 	2002	 1	15	 0.302	 -4.5	 -7.4	0.354	0.6	 0.00	0	1	25	0.000	1	101.038
 	2002	 1	16	 0.000	 -1.8	 -6.8	0.406	0.4	 0.75	0	1	25	0.000	1	101.041
 	2002	 1	17	 0.138	 -1.7	 -4.7	0.441	0.5	 0.22	0	1	25	0.000	1	101.044
 	2002	 1	18	 0.000	 -0.9	 -1.9	0.507	0.4	 1.29	0	1	25	0.000	1	101.047
 	2002	 1	19	 0.000	  1.2	 -1.6	0.581	1.1	 6.89	0	1	25	0.000	1	101.049
 	2002	 1	20	 0.000	  3.7	  0.9	0.724	2.1	 8.71	0	1	25	0.000	1	101.052
 	2002	 1	21	 0.000	  7.3	  3.7	0.909	2.2	 2.47	0	1	25	0.000	1	101.055
 	2002	 1	22	 1.348	  4.2	  2.1	0.745	1.8	 3.84	0	1	25	0.000	1	101.058
 	2002	 1	23	 2.151	  4.0	  1.4	0.692	1.6	 2.93	0	1	25	0.000	1	101.060
 	2002	 1	24	 0.881	  6.7	  1.5	0.748	2.6	 1.92	0	1	25	0.000	1	101.063
 	2002	 1	25	 1.797	  1.7	 -0.6	0.542	1.7	 3.33	0	1	25	0.000	1	101.066
 	2002	 1	26	 1.089	  6.7	  1.3	0.744	2.7	33.94	0	1	25	0.000	1	101.068
 	2002	 1	27	 1.823	  6.9	  3.7	0.842	2.0	 6.67	0	1	25	0.000	1	101.071
 	2002	 1	28	 1.002	  9.3	  4.1	0.856	2.9	 7.78	0	1	25	0.000	1	101.074
 	2002	 1	29	 1.287	  7.6	  4.1	0.671	2.6	 0.72	0	1	25	0.000	1	101.077
 	2002	 1	30	 2.583	  9.0	  6.1	0.919	1.4	 0.31	0	1	25	0.000	1	101.079
 	2002	 1	31	 1.469	  7.1	  1.1	0.660	2.0	 0.21	0	1	25	0.000	1	101.082
 	2002	 2	 1	 2.411	  8.0	  1.3	0.767	1.7	 0.31	0	1	25	0.000	1	101.085
 	2002	 2	 2	 5.210	 11.6	  5.3	0.812	1.5	 0.00	0	1	25	0.000	1	101.088
 	2002	 2	 3	 5.201	 11.0	  3.3	0.584	1.5	 0.10	0	1	25	0.000	1	101.090
 	2002	 2	 4	 2.255	  8.6	  4.2	0.612	2.2	 2.38	0	1	25	0.000	1	101.093
 	2002	 2	 5	 1.037	  9.1	  4.4	0.916	1.9	 3.44	0	1	25	0.000	1	101.096
 	2002	 2	 6	 2.125	  6.7	  3.0	0.739	1.5	 1.67	0	1	25	0.000	1	101.099
 	2002	 2	 7	 1.840	  3.6	  2.8	0.692	1.6	 0.88	0	1	25	0.000	1	101.101
 	2002	 2	 8	 1.443	  6.9	  1.3	0.791	1.9	 3.54	0	1	25	0.000	1	101.104
 	2002	 2	 9	 0.596	  8.2	  3.7	0.932	2.1	13.95	0	1	25	0.000	1	101.107
 	2002	 2	10	 0.985	  4.0	  1.3	0.720	2.1	10.31	0	1	25	0.000	1	101.110
 	2002	 2	11	 0.423	  8.4	  3.5	0.925	2.6	17.38	0	1	25	0.000	1	101.112
 	2002	 2	12	 3.257	  9.2	  6.2	0.876	3.0	17.30	0	1	25	0.000	1	101.115
 	2002	 2	13	 2.298	  6.2	  0.9	0.768	1.1	 1.15	0	1	25	0.000	1	101.118
 	2002	 2	14	 7.111	  0.9	 -3.6	0.470	1.6	 0.00	0	1	25	0.000	1	101.121
 	2002	 2	15	 8.035	  3.9	 -4.6	0.410	1.2	 0.00	0	1	25	0.000	1	101.123
 	2002	 2	16	 8.018	  5.3	 -2.8	0.423	1.0	 0.00	0	1	25	0.000	1	101.126
 	2002	 2	17	 3.102	  5.1	 -2.5	0.458	0.8	 0.00	0	1	25	0.000	1	101.129
 	2002	 2	18	 1.391	  1.5	 -1.3	0.575	1.6	 0.58	0	1	25	0.000	1	101.132
 	2002	 2	19	 0.302	  0.9	 -0.3	0.606	2.1	13.47	0	1	25	0.000	1	101.134
 	2002	 2	20	 2.151	  4.2	 -0.1	0.701	1.9	22.32	0	1	25	0.000	1	101.137
 	2002	 2	21	 5.314	  0.5	 -7.6	0.411	1.6	 0.00	0	1	25	0.000	1	101.140
 	2002	 2	22	 0.121	  2.0	 -5.1	0.517	2.3	11.80	0	1	25	0.000	1	101.142
 	2002	 2	23	 2.229	  1.4	 -1.8	0.581	2.7	 1.87	0	1	25	0.000	1	101.145
 	2002	 2	24	 1.210	  0.2	 -2.3	0.556	1.8	 0.30	0	1	25	0.000	1	101.148
 	2002	 2	25	 1.365	  4.7	 -1.8	0.695	0.9	49.37	0	1	25	0.000	1	101.151
 	2002	 2	26	 2.454	  7.2	  2.6	0.797	2.8	15.33	0	1	25	0.000	1	101.153
 	2002	 2	27	 4.994	  4.7	  0.3	0.577	2.2	 0.43	0	1	25	0.000	1	101.156
 	2002	 2	28	 2.903	  4.3	  0.0	0.613	2.0	 6.84	0	1	25	0.000	1	101.159
 	2002	 3	 1	 1.555	  1.8	 -3.5	0.578	1.4	 4.85	0	1	25	0.000	1	101.162
 	2002	 3	 2	 6.515	  2.0	 -7.1	0.463	0.8	 1.39	0	1	25	0.000	1	101.164
 	2002	 3	 3	 2.359	  1.6	 -1.9	0.578	1.2	 0.78	0	1	25	0.000	1	101.167
 	2002	 3	 4	 1.313	  3.9	  0.7	0.718	0.9	 0.17	0	1	25	0.000	1	101.170
 	2002	 3	 5	 3.119	  5.4	  1.4	0.661	0.6	 0.09	0	1	25	0.000	1	101.173
 	2002	 3	 6	 3.793	  6.1	  1.4	0.712	2.1	 9.00	0	1	25	0.000	1	101.175
 	2002	 3	 7	 4.700	  6.6	  1.6	0.722	2.9	 5.12	0	1	25	0.000	1	101.178
 	2002	 3	 8	 6.947	  8.5	 -0.2	0.685	1.2	 0.00	0	1	25	0.000	1	101.181
 	2002	 3	 9	 1.063	  5.7	  0.7	0.686	1.7	 4.26	0	1	25	0.000	1	101.184
 	2002	 3	10	 9.314	  6.6	 -0.1	0.561	2.0	 3.22	0	1	25	0.000	1	101.186
 	2002	 3	11	11.465	 12.2	  0.8	0.579	1.2	 0.00	0	1	25	0.000	1	101.189
 	2002	 3	12	 5.460	 11.4	  4.3	0.686	0.6	 0.54	0	1	25	0.000	1	101.192
 	2002	 3	13	 0.890	  8.0	 -0.6	0.779	0.8	 5.66	0	1	25	0.000	1	101.195
 	2002	 3	14	 3.171	  1.3	 -1.3	0.595	1.6	 1.74	0	1	25	0.000	1	101.197
 	2002	 3	15	 2.972	 -0.4	 -1.9	0.557	1.4	 0.54	0	1	25	0.000	1	101.200
 	2002	 3	16	 8.260	  7.3	 -0.4	0.800	0.9	 0.33	0	1	25	0.000	1	101.203
 	2002	 3	17	10.282	 12.1	 -0.3	0.814	1.1	 0.11	0	1	25	0.000	1	101.205
 	2002	 3	18	 8.683	 13.9	  5.0	0.898	1.5	12.51	0	1	25	0.000	1	101.208
 	2002	 3	19	 2.886	  7.4	  4.1	0.767	2.2	 3.21	0	1	25	0.000	1	101.211
 	2002	 3	20	 4.692	  9.7	  3.7	0.920	1.5	 5.93	0	1	25	0.000	1	101.214
 	2002	 3	21	 3.180	  8.7	  3.9	0.899	1.6	 2.53	0	1	25	0.000	1	101.216
 	2002	 3	22	 6.687	  5.7	  0.3	0.724	1.3	 6.12	0	1	25	0.000	1	101.219
 	2002	 3	23	 6.048	  4.3	 -1.0	0.636	1.1	 0.97	0	1	25	0.000	1	101.222
 	2002	 3	24	 4.648	  3.2	 -1.4	0.554	0.7	 0.97	0	1	25	0.000	1	101.225
 	2002	 3	25	 5.054	  0.7	 -4.1	0.421	1.0	 0.00	0	1	25	0.000	1	101.227
 	2002	 3	26	 8.847	  3.8	 -3.2	0.501	0.6	 0.00	0	1	25	0.000	1	101.230
 	2002	 3	27	15.120	  4.2	 -5.1	0.491	0.7	 0.00	0	1	25	0.000	1	101.233
 	2002	 3	28	16.718	  9.3	 -3.7	0.564	1.0	 0.00	0	1	25	0.000	1	101.236
 	2002	 3	29	16.312	 13.6	 -1.3	0.644	1.1	 0.00	0	1	25	0.000	1	101.238
 	2002	 3	30	11.241	 14.5	  2.4	0.701	0.5	 0.00	0	1	25	0.000	1	101.241
 	2002	 3	31	13.366	 14.7	  3.6	0.702	0.5	 0.00	0	1	25	0.000	1	101.244
 	2002	 4	 1	 9.737	 14.3	  3.4	0.819	0.6	 0.00	0	1	25	0.000	1	101.247
 	2002	 4	 2	16.312	 16.6	  4.2	0.787	1.4	 0.00	0	1	25	0.000	1	101.249
 	2002	 4	 3	17.064	 14.4	  4.6	0.759	2.3	 0.00	0	1	25	0.000	1	101.252
 	2002	 4	 4	15.647	 11.6	  0.8	0.604	2.0	 0.00	0	1	25	0.000	1	101.255
 	2002	 4	 5	17.513	  8.4	 -2.3	0.502	1.6	 0.00	0	1	25	0.000	1	101.258
 	2002	 4	 6	11.258	  4.3	 -5.0	0.494	1.2	 0.00	0	1	25	0.000	1	101.260
 	2002	 4	 7	18.533	  8.9	 -4.1	0.493	0.8	 0.00	0	1	25	0.000	1	101.263
 	2002	 4	 8	18.533	  8.7	 -2.5	0.523	1.2	 0.00	0	1	25	0.000	1	101.266
 	2002	 4	 9	15.526	  9.1	 -2.6	0.498	1.0	 0.15	0	1	25	0.000	1	101.268
 	2002	 4	10	 9.945	  5.8	 -1.1	0.542	1.6	 0.00	0	1	25	0.000	1	101.271
 	2002	 4	11	 8.355	  7.7	  0.9	0.707	1.2	 0.00	0	1	25	0.000	1	101.274
 	2002	 4	12	17.349	 11.4	  0.5	0.763	1.0	 0.00	0	1	25	0.000	1	101.277
 	2002	 4	13	 2.125	  5.9	  3.2	0.823	0.9	12.20	0	1	25	0.000	1	101.279
 	2002	 4	14	 2.540	  3.7	  2.2	0.756	1.2	12.20	0	1	25	0.000	1	101.282
 	2002	 4	15	 2.255	  4.5	  2.5	0.787	1.3	 6.56	0	1	25	0.000	1	101.285
 	2002	 4	16	 3.015	  5.0	  2.5	0.802	0.5	 5.43	0	1	25	0.000	1	101.288
 	2002	 4	17	 2.618	  5.3	  2.7	0.816	0.4	 2.41	0	1	25	0.000	1	101.290
 	2002	 4	18	12.277	 12.5	  3.2	0.976	0.8	 2.72	0	1	25	0.000	1	101.293
 	2002	 4	19	12.709	 11.1	  2.3	0.827	0.7	 0.08	0	1	25	0.000	1	101.296
 	2002	 4	20	13.452	 11.2	  1.4	0.802	0.5	 0.00	0	1	25	0.000	1	101.299
 	2002	 4	21	15.682	 14.1	  2.7	0.976	0.6	 0.00	0	1	25	0.000	1	101.301
 	2002	 4	22	18.593	 18.1	  3.7	0.963	0.7	 0.00	0	1	25	0.000	1	101.304
 	2002	 4	23	 8.199	 14.1	  7.3	1.066	1.1	 5.97	0	1	25	0.000	1	101.307
 	2002	 4	24	 2.056	 11.1	  6.7	1.140	0.7	 1.44	0	1	25	0.000	1	101.310
 	2002	 4	25	17.919	 17.1	  8.7	1.261	0.8	 0.00	0	1	25	0.000	1	101.312
 	2002	 4	26	 8.001	 12.4	  5.8	1.039	1.3	13.04	0	1	25	0.000	1	101.315
 	2002	 4	27	 6.782	  6.7	  0.5	0.791	2.0	15.80	0	1	25	0.000	1	101.318
 	2002	 4	28	 4.337	  7.1	  1.7	0.850	1.5	16.36	0	1	25	0.000	1	101.321
 	2002	 4	29	12.217	 10.1	  3.9	0.920	2.1	 5.86	0	1	25	0.000	1	101.323
 	2002	 4	30	12.191	 13.0	  3.1	0.882	1.6	 0.62	0	1	25	0.000	1	101.326
 	2002	 5	 1	12.061	 13.3	  6.2	0.941	1.5	 1.04	0	1	25	0.000	1	101.329
 	2002	 5	 2	 8.614	 12.7	  5.1	1.044	0.7	 5.52	0	1	25	0.000	1	101.332
 	2002	 5	 3	 2.912	  7.8	  5.7	0.987	1.0	27.18	0	1	25	0.000	1	101.334
 	2002	 5	 4	 2.246	  7.4	  6.0	0.982	1.0	15.62	0	1	25	0.000	1	101.337
 	2002	 5	 5	 7.258	  9.7	  3.9	0.945	0.6	 0.00	0	1	25	0.000	1	101.340
 	2002	 5	 6	 2.359	  6.9	  3.9	0.883	0.6	 3.33	0	1	25	0.000	1	101.342
 	2002	 5	 7	25.177	 16.2	  3.0	1.066	0.7	 0.10	0	1	25	0.000	1	101.345
 	2002	 5	 8	14.187	 17.4	  8.3	1.372	1.1	 0.00	0	1	25	0.000	1	101.348
 	2002	 5	 9	15.310	 21.2	 10.5	1.345	1.0	 0.00	0	1	25	0.000	1	101.351
 	2002	 5	10	14.766	 21.1	 11.3	1.594	0.7	14.65	0	1	25	0.000	1	101.353
 	2002	 5	11	 5.279	 14.4	 10.4	1.436	0.8	11.94	0	1	25	0.000	1	101.356
 	2002	 5	12	11.621	 16.0	  8.7	1.398	0.8	 0.10	0	1	25	0.000	1	101.359
 	2002	 5	13	14.100	 19.0	  8.5	1.439	0.8	 0.00	0	1	25	0.000	1	101.362
 	2002	 5	14	11.327	 16.0	  6.5	1.170	1.6	 4.93	0	1	25	0.000	1	101.364
 	2002	 5	15	12.407	 14.6	  6.1	1.146	1.2	 0.00	0	1	25	0.179	1	101.367
 	2002	 5	16	24.754	 22.6	  7.7	1.328	0.7	 0.00	0	1	25	0.357	1	101.370
 	2002	 5	17	23.579	 22.8	 10.3	1.450	0.7	 0.00	0	1	25	0.536	1	101.373
 	2002	 5	18	10.489	 18.7	  9.2	1.511	1.3	 2.08	0	1	25	0.714	1	101.375
 	2002	 5	19	11.051	 15.5	  9.1	1.298	0.9	 0.00	0	1	25	0.893	1	101.378
 	2002	 5	20	11.707	 18.3	  9.4	1.264	0.7	 0.00	0	1	25	1.071	1	101.381
 	2002	 5	21	22.283	 20.4	  8.4	1.330	1.3	 0.00	0	1	25	1.250	1	101.384
 	2002	 5	22	21.946	 26.4	 10.8	1.729	1.2	11.37	0	1	25	1.429	1	101.386
 	2002	 5	23	 3.845	 12.9	 10.2	1.366	0.8	 5.31	0	1	25	1.607	1	101.389
 	2002	 5	24	15.708	 17.2	  9.9	1.337	1.0	 0.64	0	1	25	1.786	1	101.392
 	2002	 5	25	12.027	 13.8	  6.4	1.028	0.9	 0.00	0	1	25	1.964	1	101.395
 	2002	 5	26	19.751	 17.3	  5.2	1.144	0.9	 0.00	0	1	25	2.143	1	101.397
 	2002	 5	27	13.556	 15.8	  5.7	1.125	0.7	 5.21	0	1	25	2.321	1	101.400
 	2002	 5	28	 6.955	 14.7	  8.2	1.366	0.6	 0.00	0	1	25	2.500	1	101.403
 	2002	 5	29	15.155	 15.2	  6.3	1.100	1.1	 0.00	0	1	25	2.679	1	101.405
 	2002	 5	30	17.885	 16.4	  6.0	1.092	0.9	 0.00	0	1	25	2.857	1	101.408
 	2002	 5	31	17.228	 17.7	  6.1	1.083	1.1	 0.00	0	1	25	3.036	1	101.411
 	2002	 6	 1	23.855	 16.3	  4.3	0.993	0.6	 0.00	0	1	25	3.214	1	101.414
 	2002	 6	 2	28.452	 19.3	  5.7	1.073	1.0	 0.00	0	1	25	3.393	1	101.416
 	2002	 6	 3	23.587	 20.8	  9.2	1.177	1.3	 0.00	0	1	25	3.571	1	101.419
 	2002	 6	 4	21.954	 24.0	 12.2	1.674	0.7	 2.85	0	1	25	3.750	1	101.422
 	2002	 6	 5	19.138	 23.1	 12.6	1.393	1.8	 2.45	0	1	25	3.929	1	101.425
 	2002	 6	 6	10.619	 18.0	 12.7	1.696	0.7	 0.10	0	1	25	4.107	1	101.427
 	2002	 6	 7	 3.145	 15.9	 11.8	1.595	0.9	20.70	0	1	25	4.286	1	101.430
 	2002	 6	 8	10.428	 16.5	  7.9	1.412	1.0	 0.20	0	1	25	4.464	1	101.433
 	2002	 6	 9	13.478	 18.4	  7.4	1.274	0.4	 9.18	0	1	25	4.643	1	101.436
 	2002	 6	10	 9.539	 15.0	  8.3	1.302	1.3	 5.91	0	1	25	4.821	1	101.438
 	2002	 6	11	12.468	 16.1	  6.5	1.343	0.9	18.25	0	1	25	5.000	1	101.441
 	2002	 6	12	 6.687	 15.6	  8.0	1.408	1.1	14.91	0	1	25	5.000	1	101.444
 	2002	 6	13	 2.402	 12.1	  9.5	1.287	1.4	 8.79	0	1	25	5.000	1	101.447
 	2002	 6	14	 8.562	 18.1	 10.8	1.652	1.0	12.57	0	1	25	5.000	1	101.449
 	2002	 6	15	13.236	 19.7	 11.6	1.666	1.3	 0.31	0	1	25	5.000	1	101.452
 	2002	 6	16	 9.435	 17.6	 10.8	1.571	0.8	 1.94	0	1	25	5.000	1	101.455
 	2002	 6	17	25.825	 28.5	 12.9	2.071	0.6	 0.10	0	1	25	5.000	1	101.458
 	2002	 6	18	26.456	 32.1	 16.9	2.381	1.3	 0.09	0	1	25	5.000	1	101.460
 	2002	 6	19	21.272	 23.4	 14.4	1.898	0.8	 0.44	0	1	25	5.000	1	101.463
 	2002	 6	20	11.491	 24.5	 12.7	1.772	1.5	 8.58	0	1	25	5.000	1	101.466
 	2002	 6	21	10.921	 19.2	 12.4	1.649	0.6	 0.09	0	1	25	5.000	1	101.468
 	2002	 6	22	19.941	 23.2	 10.6	1.669	0.7	 0.00	0	1	25	5.000	1	101.471
 	2002	 6	23	16.243	 19.2	  9.3	1.410	1.2	 1.68	0	1	25	5.000	1	101.474
 	2002	 6	24	22.378	 19.3	  7.7	1.234	0.8	 0.00	0	1	25	5.000	1	101.477
 	2002	 6	25	20.235	 18.6	  6.3	1.193	0.6	 0.10	0	1	25	5.000	1	101.479
 	2002	 6	26	22.991	 23.0	  8.7	1.416	0.7	 0.00	0	1	25	5.000	1	101.482
 	2002	 6	27	13.418	 19.0	  8.3	1.333	1.1	 1.02	0	1	25	5.000	1	101.485
 	2002	 6	28	11.258	 16.2	  6.5	1.278	1.9	 6.03	0	1	25	5.000	1	101.488
 	2002	 6	29	 9.763	 12.8	  7.2	1.110	1.4	 0.20	0	1	25	5.000	1	101.490
 	2002	 6	30	19.060	 19.0	  8.4	1.221	1.6	 1.33	0	1	25	5.000	1	101.493
 	2002	 7	 1	 5.132	 12.4	  9.8	1.260	1.4	13.79	0	1	25	5.000	1	101.496
 	2002	 7	 2	10.524	 15.7	  9.4	1.378	1.5	 2.65	0	1	25	5.000	1	101.499
 	2002	 7	 3	 5.659	 13.8	  9.5	1.327	1.3	 6.31	0	1	25	5.000	1	101.501
 	2002	 7	 4	 3.767	 13.6	  7.8	1.282	1.8	 5.49	0	1	25	5.000	1	101.504
 	2002	 7	 5	11.854	 18.8	  7.8	1.372	0.8	 0.00	0	1	25	5.000	1	101.507
 	2002	 7	 6	11.051	 18.4	 10.5	1.456	0.8	 0.00	0	1	25	5.000	1	101.510
 	2002	 7	 7	10.057	 18.6	 11.0	1.590	0.8	 0.20	0	1	25	5.000	1	101.512
 	2002	 7	 8	26.965	 26.2	 10.9	1.647	1.0	 0.00	0	1	25	5.000	1	101.515
 	2002	 7	 9	23.967	 29.1	 14.8	1.857	0.9	 1.03	0	1	25	5.000	1	101.518
 	2002	 7	10	14.783	 24.2	  9.9	1.590	1.0	14.29	0	1	25	5.000	1	101.521
 	2002	 7	11	16.338	 18.6	  7.6	1.354	0.8	 0.38	0	1	25	5.000	1	101.523
 	2002	 7	12	16.554	 21.2	  8.6	1.418	0.5	 4.80	0	1	25	5.000	1	101.526
 	2002	 7	13	12.658	 21.5	 12.3	1.878	0.8	 7.99	0	1	25	5.000	1	101.529
 	2002	 7	14	 3.335	 16.1	 13.3	1.679	0.6	 6.58	0	1	25	5.000	1	101.532
 	2002	 7	15	16.459	 20.8	 14.1	1.809	0.9	 0.09	0	1	25	5.000	1	101.534
 	2002	 7	16	11.880	 18.4	 13.6	1.580	1.0	 7.93	0	1	25	5.000	1	101.537
 	2002	 7	17	 2.471	 14.5	 11.7	1.483	1.2	86.04	0	1	25	5.000	1	101.540
 	2002	 7	18	 1.028	 11.8	  9.2	1.274	1.9	13.81	0	1	25	5.000	1	101.542
 	2002	 7	19	 2.238	 12.2	  8.7	1.273	1.3	 2.89	0	1	25	5.000	1	101.545
 	2002	 7	20	17.349	 20.4	 10.8	1.625	0.4	 1.75	0	1	25	5.000	1	101.548
 	2002	 7	21	12.934	 16.7	 11.1	1.563	1.3	 8.96	0	1	25	5.000	1	101.551
 	2002	 7	22	 8.761	 14.1	  9.3	1.307	1.8	 0.31	0	1	25	5.000	1	101.553
 	2002	 7	23	 8.450	 17.1	  9.4	1.408	1.4	 7.48	0	1	25	5.000	1	101.556
 	2002	 7	24	 9.815	 16.4	 10.1	1.473	1.3	14.76	0	1	25	5.000	1	101.559
 	2002	 7	25	11.284	 17.1	  9.0	1.394	1.1	 4.00	0	1	25	5.000	1	101.562
 	2002	 7	26	 1.659	 14.8	 10.0	1.456	1.0	 4.20	0	1	25	5.000	1	101.564
 	2002	 7	27	18.611	 24.3	 13.2	2.004	0.5	 0.00	0	1	25	5.000	1	101.567
 	2002	 7	28	23.501	 26.3	 13.5	1.814	0.7	 0.00	0	1	25	5.000	1	101.570
 	2002	 7	29	24.097	 28.9	 15.4	2.264	0.8	 0.00	0	1	25	5.000	1	101.573
 	2002	 7	30	18.576	 30.0	 17.3	2.238	1.0	 0.09	0	1	25	5.000	1	101.575
 	2002	 7	31	15.733	 28.4	 15.9	2.128	0.7	 0.28	0	1	25	5.000	1	101.578
 	2002	 8	 1	 3.568	 19.5	 14.0	1.759	1.2	21.22	0	1	25	5.000	1	101.581
 	2002	 8	 2	22.499	 23.3	 13.0	1.896	0.8	 0.00	0	1	25	5.000	1	101.584
 	2002	 8	 3	13.686	 24.2	 12.6	1.881	0.9	 0.85	0	1	25	5.000	1	101.586
 	2002	 8	 4	19.043	 23.3	 13.6	2.010	0.6	 0.47	0	1	25	5.000	1	101.589
 	2002	 8	 5	 8.916	 19.0	 10.7	1.638	0.5	 0.94	0	1	25	5.000	1	101.592
 	2002	 8	 6	19.526	 22.0	  9.9	1.797	0.5	 0.18	0	1	25	5.000	1	101.595
 	2002	 8	 7	 8.398	 19.1	 10.7	1.539	0.7	 1.39	0	1	25	5.000	1	101.597
 	2002	 8	 8	 5.305	 16.3	 12.8	1.649	0.5	 1.94	0	1	25	5.000	1	101.600
 	2002	 8	 9	15.820	 23.1	 12.4	1.515	0.6	 0.00	0	1	25	5.000	1	101.603
 	2002	 8	10	 6.126	 19.1	 12.0	1.409	0.5	 2.96	0	1	25	5.000	1	101.605
 	2002	 8	11	 7.188	 18.4	 11.6	1.706	0.7	10.17	0	1	25	5.000	1	101.608
 	2002	 8	12	 7.206	 17.2	 12.6	1.574	1.6	 0.83	0	1	25	5.000	1	101.611
 	2002	 8	13	14.342	 18.9	 12.6	1.475	1.3	 0.00	0	1	25	5.000	1	101.614
 	2002	 8	14	 8.182	 19.8	 13.5	1.562	0.6	 0.00	0	1	25	5.000	1	101.616
 	2002	 8	15	17.643	 23.9	 12.4	1.784	0.6	 0.00	0	1	25	5.000	1	101.619
 	2002	 8	16	19.120	 24.8	 12.9	1.755	0.6	 0.00	0	1	25	5.000	1	101.622
 	2002	 8	17	17.738	 25.5	 13.7	1.932	0.8	 0.00	0	1	25	5.000	1	101.625
 	2002	 8	18	15.803	 25.6	 14.8	2.086	1.2	 0.00	0	1	25	5.000	1	101.627
 	2002	 8	19	18.032	 27.6	 15.0	2.024	0.8	 0.00	0	1	25	5.000	1	101.630
 	2002	 8	20	17.747	 28.4	 15.3	2.159	0.7	 8.39	0	1	25	5.000	1	101.633
 	2002	 8	21	13.686	 22.2	 12.7	1.679	0.8	 0.09	0	1	25	5.000	1	101.636
 	2002	 8	22	11.120	 22.0	 12.1	1.724	0.5	 0.00	0	1	25	5.000	1	101.638
 	2002	 8	23	 6.955	 20.9	 13.1	1.930	0.5	 5.09	0	1	25	5.000	1	101.641
 	2002	 8	24	13.003	 23.4	 13.2	2.000	0.5	 0.09	0	1	25	5.000	1	101.644
 	2002	 8	25	11.189	 20.7	 13.0	1.753	0.7	 0.00	0	1	25	5.000	1	101.647
 	2002	 8	26	17.038	 24.3	 13.5	1.972	1.1	 0.00	0	1	25	5.000	1	101.649
 	2002	 8	27	16.140	 25.4	 14.4	1.929	0.7	 0.00	0	1	25	5.000	1	101.652
 	2002	 8	28	 9.582	 24.5	 14.6	2.060	0.8	 0.00	0	1	25	5.000	1	101.655
 	2002	 8	29	12.943	 22.8	 13.4	1.898	0.6	 0.00	0	1	25	5.000	1	101.658
 	2002	 8	30	13.452	 23.2	 13.4	1.862	0.5	 0.00	0	1	25	5.000	1	101.660
 	2002	 8	31	12.537	 21.8	 12.4	1.742	1.0	 0.00	0	1	25	5.000	1	101.663
 	2002	 9	 1	10.333	 16.5	  9.0	1.255	0.7	 0.00	0	1	25	5.000	1	101.666
 	2002	 9	 2	16.235	 19.6	  8.4	1.320	0.9	 0.00	0	1	25	5.000	1	101.668
 	2002	 9	 3	12.934	 18.8	  7.7	1.305	1.5	 0.00	0	1	25	5.000	1	101.671
 	2002	 9	 4	10.662	 20.8	 10.0	1.713	0.8	 0.00	0	1	25	5.000	1	101.674
 	2002	 9	 5	10.316	 19.5	 10.1	1.611	0.5	 0.00	0	1	25	5.000	1	101.677
 	2002	 9	 6	11.578	 19.6	  9.7	1.481	0.7	 0.00	0	1	25	5.000	1	101.679
 	2002	 9	 7	14.481	 19.7	  9.3	1.404	0.8	 0.00	0	1	25	5.000	1	101.682
 	2002	 9	 8	13.772	 22.6	 11.8	1.485	0.7	 0.00	0	1	25	5.000	1	101.685
 	2002	 9	 9	15.492	 25.2	 12.8	1.663	1.5	 0.00	0	1	25	5.000	1	101.688
 	2002	 9	10	 1.261	 16.2	 10.5	1.525	1.3	15.29	0	1	25	5.000	1	101.690
 	2002	 9	11	 4.285	 16.2	 10.9	1.573	0.6	 0.00	0	1	25	5.000	1	101.693
 	2002	 9	12	16.140	 17.9	  8.5	1.343	1.1	 0.11	0	1	25	5.000	1	101.696
 	2002	 9	13	15.336	 18.7	  6.9	1.229	0.6	 0.00	0	1	25	5.000	1	101.699
 	2002	 9	14	 3.646	 14.4	  9.8	1.412	1.0	 1.71	0	1	25	5.000	1	101.701
 	2002	 9	15	11.681	 16.3	  5.9	1.168	0.8	 0.00	0	1	25	5.000	1	101.704
 	2002	 9	16	11.163	 15.5	  4.5	1.132	0.7	 0.00	0	1	25	5.000	1	101.707
 	2002	 9	17	 4.709	 13.9	  9.9	1.376	1.0	 3.92	0	1	25	5.000	1	101.710
 	2002	 9	18	 4.000	 12.8	  8.0	1.212	0.6	 0.00	0	1	25	5.000	1	101.712
 	2002	 9	19	 5.201	 14.2	  8.6	1.245	0.5	 0.00	0	1	25	5.000	1	101.715
 	2002	 9	20	 5.823	 15.2	  9.0	1.280	0.5	 0.00	0	1	25	5.000	1	101.718
 	2002	 9	21	 4.337	 13.2	  8.6	1.252	0.7	 0.10	0	1	25	5.000	1	101.721
 	2002	 9	22	 5.806	 13.1	  5.6	1.184	0.9	12.24	0	1	25	5.000	1	101.723
 	2002	 9	23	 1.529	  7.6	  4.0	0.919	1.6	 0.76	0	1	25	5.000	1	101.726
 	2002	 9	24	14.757	 11.1	  2.0	0.841	1.5	 0.10	0	1	25	5.000	1	101.729
 	2002	 9	25	 3.292	  9.3	  1.6	0.891	0.7	 8.20	0	1	25	4.914	1	101.732
 	2002	 9	26	 2.704	  9.4	  8.1	1.130	1.1	 7.19	0	1	25	4.828	1	101.734
 	2002	 9	27	12.675	 10.4	  1.6	0.837	0.9	 0.00	0	1	25	4.741	1	101.737
 	2002	 9	28	 4.640	 10.7	  1.8	0.902	0.6	 0.10	0	1	25	4.655	1	101.740
 	2002	 9	29	 5.374	 13.2	  6.7	1.162	0.5	 0.00	0	1	25	4.569	1	101.742
 	2002	 9	30	11.586	 15.1	  5.8	1.148	0.7	 0.00	0	1	25	4.483	1	101.745
 	2002	10	 1	11.085	 16.2	  4.8	1.108	0.6	 0.11	0	1	25	4.397	1	101.748
 	2002	10	 2	 7.525	 15.0	  6.2	1.128	0.6	 0.11	0	1	25	4.310	1	101.751
 	2002	10	 3	 1.149	 12.7	  8.5	1.276	0.9	19.26	0	1	25	4.224	1	101.753
 	2002	10	 4	 5.365	 11.9	  8.6	1.205	1.2	 0.21	0	1	25	4.138	1	101.756
 	2002	10	 5	 1.115	 10.0	  7.5	1.132	1.5	51.79	0	1	25	4.052	1	101.759
 	2002	10	 6	 1.382	  9.6	  2.7	0.959	1.4	 4.00	0	1	25	3.966	1	101.762
 	2002	10	 7	 2.808	  5.4	  1.1	0.771	0.5	 5.68	0	1	25	3.879	1	101.764
 	2002	10	 8	 8.182	  7.2	 -1.6	0.725	0.8	 0.11	0	1	25	3.793	1	101.767
 	2002	10	 9	 5.417	  9.8	  3.6	0.901	2.0	 0.00	0	1	25	3.707	1	101.770
 	2002	10	10	 7.845	  8.3	  1.2	0.766	1.8	 0.00	0	1	25	3.621	1	101.773
 	2002	10	11	 7.983	  6.5	 -1.2	0.634	1.7	 0.00	0	1	25	3.534	1	101.775
 	2002	10	12	 5.478	  3.7	 -2.0	0.602	1.4	 0.32	0	1	25	3.448	1	101.778
 	2002	10	13	 1.149	  1.6	  0.5	0.653	1.3	 0.21	0	1	25	3.362	1	101.781
 	2002	10	14	 2.151	  8.6	  0.7	0.880	1.3	13.09	0	1	25	3.276	1	101.784
 	2002	10	15	 1.754	  9.8	  5.7	1.064	0.9	 0.33	0	1	25	3.190	1	101.786
 	2002	10	16	 2.946	 12.3	  8.8	1.256	1.4	 5.33	0	1	25	3.103	1	101.789
 	2002	10	17	 3.197	  9.8	  4.2	0.947	1.7	 0.11	0	1	25	3.017	1	101.792
 	2002	10	18	 1.728	  6.8	  3.1	0.849	1.5	14.03	0	1	25	2.931	1	101.795
 	2002	10	19	 3.491	  5.1	  2.3	0.776	1.4	 0.00	0	1	25	2.845	1	101.797
 	2002	10	20	 2.575	  5.5	 -0.5	0.716	0.8	 2.18	0	1	25	2.759	1	101.800
 	2002	10	21	 0.605	  9.8	  1.9	0.947	1.3	 4.24	0	1	25	2.672	1	101.803
 	2002	10	22	 2.100	 11.4	  9.5	1.255	1.1	12.88	0	1	25	2.586	1	101.805
 	2002	10	23	 1.650	 10.7	  2.8	0.986	1.9	 6.28	0	1	25	2.500	1	101.808
 	2002	10	24	 3.059	  6.3	  0.7	0.679	1.4	 0.10	0	1	25	2.414	1	101.811
 	2002	10	25	 0.665	  9.3	  1.7	0.922	1.6	12.47	0	1	25	2.328	1	101.814
 	2002	10	26	 2.635	  9.1	  5.9	0.875	2.4	 4.09	0	1	25	2.241	1	101.816
 	2002	10	27	 1.279	 10.3	  5.3	1.018	2.9	19.06	0	1	25	2.155	1	101.819
 	2002	10	28	 2.255	  5.8	  2.6	0.780	2.4	 3.88	0	1	25	2.069	1	101.822
 	2002	10	29	 2.428	  6.2	  1.7	0.762	0.8	 1.62	0	1	25	1.983	1	101.825
 	2002	10	30	 4.614	  7.5	  2.1	0.804	0.7	 0.00	0	1	25	1.897	1	101.827
 	2002	10	31	 2.938	  7.4	  1.0	0.776	0.8	 0.10	0	1	25	1.810	1	101.830
 	2002	11	 1	 1.236	  8.4	  1.0	0.871	0.8	13.89	0	1	25	1.724	1	101.833
 	2002	11	 2	 0.717	 10.0	  3.4	1.004	1.4	11.56	0	1	25	1.638	1	101.836
 	2002	11	 3	 0.726	  6.5	  1.9	0.834	1.4	12.16	0	1	25	1.552	1	101.838
 	2002	11	 4	 1.089	  6.5	  0.8	0.808	0.7	 5.27	0	1	25	1.466	1	101.841
 	2002	11	 5	 2.678	  1.2	 -4.0	0.549	0.6	 0.10	0	1	25	1.379	1	101.844
 	2002	11	 6	 1.417	  1.3	 -3.3	0.569	0.9	 0.00	0	1	25	1.293	1	101.847
 	2002	11	 7	 0.639	  3.1	 -0.5	0.676	1.0	26.56	0	1	25	1.207	1	101.849
 	2002	11	 8	 1.210	  3.3	  0.6	0.699	1.7	22.20	0	1	25	1.121	1	101.852
 	2002	11	 9	 1.218	  4.7	  0.3	0.717	1.9	 1.32	0	1	25	1.034	1	101.855
 	2002	11	10	 1.555	  3.5	  0.7	0.700	0.8	 8.11	0	1	25	0.948	1	101.858
 	2002	11	11	 1.901	  6.4	  2.0	0.825	1.4	 6.28	0	1	25	0.862	1	101.860
 	2002	11	12	 2.264	  7.0	  4.9	0.925	1.2	 1.36	0	1	25	0.776	1	101.863
 	2002	11	13	 1.529	  7.5	  4.6	0.895	1.4	 7.54	0	1	25	0.690	1	101.866
 	2002	11	14	 1.417	  7.6	  3.5	0.914	1.4	 0.84	0	1	25	0.603	1	101.868
 	2002	11	15	 0.302	  6.5	  4.2	0.896	0.5	 2.20	0	1	25	0.517	1	101.871
 	2002	11	16	 0.985	  8.7	  5.5	1.014	0.6	16.33	0	1	25	0.431	1	101.874
 	2002	11	17	 1.132	  6.6	  3.5	0.880	1.5	 0.84	0	1	25	0.345	1	101.877
 	2002	11	18	 2.687	  6.5	  3.1	0.857	0.6	 0.00	0	1	25	0.259	1	101.879
 	2002	11	19	 1.452	  4.8	  0.0	0.721	0.8	 0.00	0	1	25	0.172	1	101.882
 	2002	11	20	 1.512	  2.0	 -0.9	0.639	0.9	 0.00	0	1	25	0.086	1	101.885
 	2002	11	21	 1.961	  6.5	  1.7	0.788	1.0	 0.00	0	1	25	0.000	1	101.888
 	2002	11	22	 1.935	  6.8	  3.6	0.827	0.6	 2.17	0	1	25	0.000	1	101.890
 	2002	11	23	 1.253	  4.8	  2.1	0.785	0.8	 0.00	0	1	25	0.000	1	101.893
 	2002	11	24	 1.020	  6.1	  3.3	0.815	0.7	 0.00	0	1	25	0.000	1	101.896
 	2002	11	25	 0.950	  6.2	  3.0	0.785	1.1	 0.00	0	1	25	0.000	1	101.899
 	2002	11	26	 0.847	  6.3	  2.8	0.834	1.0	 0.19	0	1	25	0.000	1	101.901
 	2002	11	27	 2.912	  5.4	 -0.3	0.673	1.0	 0.00	0	1	25	0.000	1	101.904
 	2002	11	28	 2.748	  7.7	  4.8	0.917	0.9	 0.00	0	1	25	0.000	1	101.907
 	2002	11	29	 1.002	  6.9	  5.3	0.943	0.4	16.04	0	1	25	0.000	1	101.910
 	2002	11	30	 0.527	  5.8	  4.3	0.876	0.9	 4.03	0	1	25	0.000	1	101.912
 	2002	12	 1	 1.763	  4.7	  1.8	0.775	0.9	 4.32	0	1	25	0.000	1	101.915
 	2002	12	 2	 1.106	  4.1	  1.9	0.752	1.0	 0.19	0	1	25	0.000	1	101.918
 	2002	12	 3	 1.166	  4.5	  1.5	0.746	0.9	 0.00	0	1	25	0.000	1	101.921
 	2002	12	 4	 1.529	  3.6	  1.9	0.738	0.5	 0.00	0	1	25	0.000	1	101.923
 	2002	12	 5	 2.039	  2.8	 -1.0	0.657	1.0	 0.00	0	1	25	0.000	1	101.926
 	2002	12	 6	 0.976	 -1.0	 -3.9	0.513	1.5	 0.00	0	1	25	0.000	1	101.929
 	2002	12	 7	 1.184	 -2.8	 -7.8	0.418	1.2	 0.00	0	1	25	0.000	1	101.932
 	2002	12	 8	 1.244	 -5.4	 -9.9	0.334	1.3	 0.00	0	1	25	0.000	1	101.934
 	2002	12	 9	 0.821	 -9.1	-12.3	0.264	1.3	 0.00	0	1	25	0.000	1	101.937
 	2002	12	10	 1.037	 -8.3	-12.9	0.254	0.7	 0.00	0	1	25	0.000	1	101.940
 	2002	12	11	 0.639	 -7.9	-12.6	0.250	1.4	 0.00	0	1	25	0.000	1	101.942
 	2002	12	12	 1.236	 -6.4	-10.4	0.278	1.1	 0.00	0	1	25	0.000	1	101.945
 	2002	12	13	 0.501	 -3.2	 -8.7	0.379	0.5	 0.00	0	1	25	0.000	1	101.948
 	2002	12	14	 0.000	 -2.0	 -4.1	0.489	0.7	 0.00	0	1	25	0.000	1	101.951
 	2002	12	15	 0.000	 -3.3	 -4.7	0.450	1.0	 2.04	0	1	25	0.000	1	101.953
 	2002	12	16	 0.000	  2.2	 -3.4	0.596	1.0	10.19	0	1	25	0.000	1	101.956
 	2002	12	17	 0.000	  1.5	 -2.4	0.596	0.8	 0.66	0	1	25	0.000	1	101.959
 	2002	12	18	 0.389	 -1.3	 -6.1	0.471	0.4	 0.44	0	1	25	0.000	1	101.962
 	2002	12	19	 0.216	 -1.0	 -5.3	0.490	0.6	 0.00	0	1	25	0.000	1	101.964
 	2002	12	20	 0.000	 -0.7	 -5.1	0.499	0.5	 0.00	0	1	25	0.000	1	101.967
 	2002	12	21	 0.000	 -0.2	 -3.8	0.532	0.5	 0.00	0	1	25	0.000	1	101.970
 	2002	12	22	 0.000	  0.2	 -2.3	0.568	1.1	28.53	0	1	25	0.000	1	101.973
 	2002	12	23	 0.000	  0.2	 -2.0	0.574	1.2	 3.92	0	1	25	0.000	1	101.975
 	2002	12	24	 0.432	  0.4	 -1.7	0.584	0.9	 2.53	0	1	25	0.000	1	101.978
 	2002	12	25	 1.348	  4.2	  0.3	0.725	0.7	 0.35	0	1	25	0.000	1	101.981
 	2002	12	26	 1.080	  4.2	  1.0	0.741	1.2	 6.68	0	1	25	0.000	1	101.984
 	2002	12	27	 0.458	  6.9	  4.2	0.901	1.2	 8.75	0	1	25	0.000	1	101.986
 	2002	12	28	 0.708	  6.3	  4.4	0.896	1.1	 5.30	0	1	25	0.000	1	101.989
 	2002	12	29	 1.132	  4.5	  2.6	0.789	1.2	30.98	0	1	25	0.000	1	101.992
 	2002	12	30	 0.501	  3.3	 -2.4	0.643	0.9	32.39	0	1	25	0.000	1	101.995
 	2002	12	31	 2.722	 -2.4	 -9.0	0.406	1.5	 0.00	0	1	25	0.000	1	101.997
 	2003	 1	 1	 0.000	  3.2	 -7.8	0.554	1.2	17.15	0	1	25	0.000	1	102.000
 	2003	 1	 2	 0.000	  6.5	  3.7	0.882	1.4	21.47	0	1	25	0.000	1	102.003
 	2003	 1	 3	 0.000	  5.4	 -0.2	0.749	1.2	12.84	0	1	25	0.000	1	102.005
 	2003	 1	 4	 0.000	 -0.6	 -5.4	0.497	1.1	 0.67	0	1	25	0.000	1	102.008
 	2003	 1	 5	 0.942	 -4.3	 -9.3	0.358	0.9	 5.08	0	1	25	0.000	1	102.011
 	2003	 1	 6	 0.259	 -3.9	 -7.9	0.389	1.0	 1.44	0	1	25	0.000	1	102.014
 	2003	 1	 7	 2.523	 -8.0	-14.6	0.242	0.9	 0.00	0	1	25	0.000	1	102.016
 	2003	 1	 8	 1.737	-10.5	-14.5	0.203	0.7	 0.00	0	1	25	0.000	1	102.019
 	2003	 1	 9	 0.899	 -9.4	-14.8	0.202	0.7	 0.00	0	1	25	0.000	1	102.022
 	2003	 1	10	 2.488	 -5.8	 -9.7	0.310	0.5	 0.00	0	1	25	0.000	1	102.025
 	2003	 1	11	 2.298	 -5.7	-10.1	0.324	0.5	 0.00	0	1	25	0.000	1	102.027
 	2003	 1	12	 0.536	 -2.5	 -6.6	0.432	0.9	 8.64	0	1	25	0.000	1	102.030
 	2003	 1	13	 0.156	  3.0	 -3.8	0.609	1.4	17.63	0	1	25	0.000	1	102.033
 	2003	 1	14	 0.441	  3.9	  2.8	0.777	1.9	 1.35	0	1	25	0.000	1	102.036
 	2003	 1	15	 1.503	  2.8	  0.3	0.638	1.8	 1.60	0	1	25	0.000	1	102.038
 	2003	 1	16	 0.596	  1.9	  0.3	0.662	1.6	 0.00	0	1	25	0.000	1	102.041
 	2003	 1	17	 1.512	  0.9	 -1.7	0.566	1.0	 0.12	0	1	25	0.000	1	102.044
 	2003	 1	18	 0.933	  0.3	 -2.1	0.568	1.1	 0.00	0	1	25	0.000	1	102.047
 	2003	 1	19	 2.912	  2.9	 -1.8	0.573	1.4	 0.74	0	1	25	0.000	1	102.049
 	2003	 1	20	 1.244	  4.8	  1.8	0.716	1.5	 5.05	0	1	25	0.000	1	102.052
 	2003	 1	21	 1.460	  4.4	  2.6	0.779	1.2	 2.62	0	1	25	0.000	1	102.055
 	2003	 1	22	 2.238	  4.3	  0.1	0.708	1.3	 2.08	0	1	25	0.000	1	102.058
 	2003	 1	23	 1.236	  3.6	 -0.6	0.688	1.2	10.27	0	1	25	0.000	1	102.060
 	2003	 1	24	 0.475	 -0.1	 -3.2	0.533	0.6	 0.00	0	1	25	0.000	1	102.063
 	2003	 1	25	 4.406	  0.5	 -2.7	0.527	0.8	 2.73	0	1	25	0.000	1	102.066
 	2003	 1	26	 1.892	  2.0	  0.4	0.667	1.3	 4.15	0	1	25	0.000	1	102.068
 	2003	 1	27	 1.244	  6.9	  2.0	0.850	1.4	12.13	0	1	25	0.000	1	102.071
 	2003	 1	28	 1.486	  6.5	 -0.6	0.776	2.2	 9.62	0	1	25	0.000	1	102.074
 	2003	 1	29	 0.467	  0.5	 -1.4	0.592	1.3	 8.51	0	1	25	0.000	1	102.077
 	2003	 1	30	 0.829	 -1.5	 -6.6	0.455	1.5	 5.74	0	1	25	0.000	1	102.079
 	2003	 1	31	 0.372	 -5.1	 -8.4	0.367	0.9	 1.91	0	1	25	0.000	1	102.082
 	2003	 2	 1	 0.959	 -5.2	-10.7	0.322	1.0	 1.38	0	1	25	0.000	1	102.085
 	2003	 2	 2	 0.665	 -0.4	 -6.7	0.472	1.4	11.27	0	1	25	0.000	1	102.088
 	2003	 2	 3	 0.311	  0.0	 -2.4	0.561	1.2	15.63	0	1	25	0.000	1	102.090
 	2003	 2	 4	 1.452	 -0.4	 -2.7	0.547	1.3	 6.57	0	1	25	0.000	1	102.093
 	2003	 2	 5	 0.665	 -0.5	 -2.6	0.547	0.9	11.07	0	1	25	0.000	1	102.096
 	2003	 2	 6	 1.270	 -2.6	 -7.0	0.420	0.7	 0.86	0	1	25	0.000	1	102.099
 	2003	 2	 7	 1.175	  0.0	 -6.9	0.478	0.7	 2.42	0	1	25	0.000	1	102.101
 	2003	 2	 8	 1.365	  1.0	  0.1	0.636	0.6	 0.35	0	1	25	0.000	1	102.104
 	2003	 2	 9	 3.689	  0.4	 -4.2	0.538	0.9	 0.00	0	1	25	0.000	1	102.107
 	2003	 2	10	 6.826	  1.0	 -7.8	0.478	0.6	 0.00	0	1	25	0.000	1	102.110
 	2003	 2	11	 4.009	 -2.4	 -9.1	0.393	0.8	 0.00	0	1	25	0.000	1	102.112
 	2003	 2	12	 5.417	 -4.5	 -8.3	0.359	1.1	 0.00	0	1	25	0.000	1	102.115
 	2003	 2	13	 7.387	 -5.0	-11.2	0.272	1.2	 0.00	0	1	25	0.000	1	102.118
 	2003	 2	14	 7.214	 -1.3	-11.0	0.266	0.7	 0.00	0	1	25	0.000	1	102.121
 	2003	 2	15	 2.169	 -3.8	 -9.1	0.361	0.9	 0.00	0	1	25	0.000	1	102.123
 	2003	 2	16	 5.417	 -4.5	 -9.1	0.305	1.4	 0.00	0	1	25	0.000	1	102.126
 	2003	 2	17	 4.735	 -5.3	-10.3	0.311	0.7	 0.00	0	1	25	0.000	1	102.129
 	2003	 2	18	 3.525	 -4.5	 -9.9	0.326	0.9	 0.00	0	1	25	0.000	1	102.132
 	2003	 2	19	 5.780	 -4.0	 -8.4	0.377	1.0	 0.00	0	1	25	0.000	1	102.134
 	2003	 2	20	 5.590	 -2.7	 -7.2	0.415	1.1	 0.00	0	1	25	0.000	1	102.137
 	2003	 2	21	 7.309	 -0.7	 -5.9	0.458	1.1	 0.00	0	1	25	0.000	1	102.140
 	2003	 2	22	 8.580	  1.0	 -5.4	0.458	1.1	 0.00	0	1	25	0.000	1	102.142
 	2003	 2	23	 8.899	  3.5	 -5.5	0.458	0.9	 0.00	0	1	25	0.000	1	102.145
 	2003	 2	24	 9.012	  6.5	 -2.3	0.512	0.7	 0.00	0	1	25	0.000	1	102.148
 	2003	 2	25	 9.331	  7.4	 -1.9	0.429	0.9	 0.00	0	1	25	0.000	1	102.151
 	2003	 2	26	 9.288	  7.7	 -2.9	0.432	0.6	 0.00	0	1	25	0.000	1	102.153
 	2003	 2	27	 7.914	 11.0	  0.7	0.547	0.5	 0.00	0	1	25	0.000	1	102.156
 	2003	 2	28	 3.214	  9.0	  2.0	0.732	0.7	 0.11	0	1	25	0.000	1	102.159
 	2003	 3	 1	 4.450	  8.6	  2.1	0.841	0.9	 1.26	0	1	25	0.000	1	102.162
 	2003	 3	 2	 2.678	  6.1	  2.1	0.818	0.9	 5.96	0	1	25	0.000	1	102.164
 	2003	 3	 3	 2.022	  3.5	  0.8	0.716	0.6	 0.46	0	1	25	0.000	1	102.167
 	2003	 3	 4	 3.966	  4.8	 -0.3	0.671	0.9	 0.10	0	1	25	0.000	1	102.170
 	2003	 3	 5	 2.566	  9.1	  1.3	0.850	1.0	 0.20	0	1	25	0.000	1	102.173
 	2003	 3	 6	 2.255	  5.2	  0.9	0.730	1.7	12.50	0	1	25	0.000	1	102.175
 	2003	 3	 7	 4.899	  5.5	  0.7	0.711	0.9	 0.00	0	1	25	0.000	1	102.178
 	2003	 3	 8	 4.000	  5.9	  0.3	0.613	1.8	 2.60	0	1	25	0.000	1	102.181
 	2003	 3	 9	 2.678	  5.9	  3.3	0.792	1.5	 0.00	0	1	25	0.000	1	102.184
 	2003	 3	10	 4.908	  9.8	  3.6	0.791	1.1	 1.10	0	1	25	0.000	1	102.186
 	2003	 3	11	 2.497	  8.0	  4.5	0.948	1.2	14.44	0	1	25	0.000	1	102.189
 	2003	 3	12	 2.557	  5.1	  0.2	0.749	1.5	 3.68	0	1	25	0.000	1	102.192
 	2003	 3	13	12.087	  5.8	 -3.8	0.512	1.0	 0.09	0	1	25	0.000	1	102.195
 	2003	 3	14	 8.312	  3.4	 -4.5	0.462	1.1	 0.00	0	1	25	0.000	1	102.197
 	2003	 3	15	12.718	  5.8	 -3.0	0.614	1.0	 0.00	0	1	25	0.000	1	102.200
 	2003	 3	16	12.087	  9.4	 -2.6	0.648	0.5	 0.09	0	1	25	0.000	1	102.203
 	2003	 3	17	 5.089	  4.5	 -1.9	0.618	0.7	 0.00	0	1	25	0.000	1	102.205
 	2003	 3	18	12.217	  9.3	 -1.6	0.669	0.6	 0.00	0	1	25	0.000	1	102.208
 	2003	 3	19	12.269	  7.6	 -1.6	0.651	0.9	 0.00	0	1	25	0.000	1	102.211
 	2003	 3	20	 3.059	  1.3	 -1.8	0.561	0.8	 0.00	0	1	25	0.000	1	102.214
 	2003	 3	21	11.318	  6.0	 -2.5	0.469	1.4	 0.00	0	1	25	0.000	1	102.216
 	2003	 3	22	15.034	  8.4	 -5.2	0.364	1.2	 0.00	0	1	25	0.000	1	102.219
 	2003	 3	23	15.267	 13.2	 -2.5	0.375	0.9	 0.00	0	1	25	0.000	1	102.222
 	2003	 3	24	14.887	 15.2	  2.7	0.494	0.7	 0.00	0	1	25	0.000	1	102.225
 	2003	 3	25	10.886	 14.3	  4.1	0.869	0.7	 0.00	0	1	25	0.000	1	102.227
 	2003	 3	26	14.645	 13.7	  3.3	0.831	1.1	 0.00	0	1	25	0.000	1	102.230
 	2003	 3	27	10.679	 14.3	  4.5	0.952	0.7	 0.00	0	1	25	0.000	1	102.233
 	2003	 3	28	14.075	 14.2	  3.2	0.848	1.2	 0.00	0	1	25	0.000	1	102.236
 	2003	 3	29	 8.519	 14.8	  3.7	1.029	0.7	 0.00	0	1	25	0.000	1	102.238
 	2003	 3	30	14.558	 14.0	  3.4	0.892	0.9	 0.00	0	1	25	0.000	1	102.241
 	2003	 3	31	12.312	  9.8	  0.4	0.727	0.8	 0.00	0	1	25	0.000	1	102.244
 	2003	 4	 1	12.537	 12.9	  0.3	0.676	1.5	11.99	0	1	25	0.000	1	102.247
 	2003	 4	 2	 6.679	  5.8	  0.3	0.766	1.4	 6.50	0	1	25	0.000	1	102.249
 	2003	 4	 3	 4.847	  3.1	 -0.2	0.662	1.3	 7.71	0	1	25	0.000	1	102.252
 	2003	 4	 4	12.234	  6.8	 -1.1	0.636	1.1	 0.00	0	1	25	0.000	1	102.255
 	2003	 4	 5	 6.687	  6.3	 -4.5	0.606	1.7	 0.00	0	1	25	0.000	1	102.258
 	2003	 4	 6	13.867	  2.9	 -4.6	0.338	1.2	 0.00	0	1	25	0.000	1	102.260
 	2003	 4	 7	14.766	  2.0	 -6.7	0.231	1.0	 0.00	0	1	25	0.000	1	102.263
 	2003	 4	 8	11.197	  1.2	 -7.6	0.293	0.7	 0.00	0	1	25	0.000	1	102.266
 	2003	 4	 9	15.483	  6.3	 -7.3	0.464	0.8	 0.00	0	1	25	0.000	1	102.268
 	2003	 4	10	 7.862	  1.8	 -6.1	0.476	0.6	 0.00	0	1	25	0.000	1	102.271
 	2003	 4	11	 8.312	  6.1	 -4.1	0.529	1.0	 0.00	0	1	25	0.000	1	102.274
 	2003	 4	12	18.308	 12.4	 -2.3	0.518	0.8	 0.00	0	1	25	0.000	1	102.277
 	2003	 4	13	18.939	 16.1	  1.8	0.568	1.0	 0.00	0	1	25	0.000	1	102.279
 	2003	 4	14	19.198	 18.5	  1.4	0.701	1.9	 0.00	0	1	25	0.000	1	102.282
 	2003	 4	15	19.656	 22.0	  3.8	0.896	1.7	 0.00	0	1	25	0.000	1	102.285
 	2003	 4	16	19.742	 20.4	  5.9	0.765	1.7	 0.00	0	1	25	0.000	1	102.288
 	2003	 4	17	19.976	 18.9	  3.9	0.718	1.3	 0.00	0	1	25	0.000	1	102.290
 	2003	 4	18	18.006	 11.4	  1.4	0.688	1.8	 0.00	0	1	25	0.000	1	102.293
 	2003	 4	19	 4.899	  5.4	  0.8	0.772	1.5	11.63	0	1	25	0.000	1	102.296
 	2003	 4	20	16.831	 14.5	  2.4	0.987	1.0	 0.00	0	1	25	0.000	1	102.299
 	2003	 4	21	20.442	 20.1	  5.6	1.011	1.5	 0.00	0	1	25	0.000	1	102.301
 	2003	 4	22	14.576	 19.3	  7.1	1.218	0.8	 1.23	0	1	25	0.000	1	102.304
 	2003	 4	23	20.684	 18.9	  3.5	0.980	0.5	 0.00	0	1	25	0.000	1	102.307
 	2003	 4	24	20.814	 20.4	  5.7	0.845	0.7	 0.00	0	1	25	0.000	1	102.310
 	2003	 4	25	 8.657	 20.3	  7.4	0.802	1.0	 0.00	0	1	25	0.000	1	102.312
 	2003	 4	26	 5.331	 15.0	  8.8	1.149	1.3	 8.07	0	1	25	0.000	1	102.315
 	2003	 4	27	 9.789	 14.0	  6.7	1.161	1.5	 2.72	0	1	25	0.000	1	102.318
 	2003	 4	28	 6.808	 16.2	  6.6	1.112	1.2	 2.72	0	1	25	0.000	1	102.321
 	2003	 4	29	12.900	 17.5	  7.4	1.121	1.4	 0.71	0	1	25	0.000	1	102.323
 	2003	 4	30	 6.445	 15.1	  7.2	1.325	1.1	 6.05	0	1	25	0.000	1	102.326
 	2003	 5	 1	14.368	 15.4	  5.5	1.167	1.6	 4.74	0	1	25	0.000	1	102.329
 	2003	 5	 2	17.366	 18.5	  4.9	1.049	1.1	 2.92	0	1	25	0.000	1	102.332
 	2003	 5	 3	13.764	 14.6	  5.4	0.947	1.9	 0.10	0	1	25	0.000	1	102.334
 	2003	 5	 4	24.451	 21.9	  4.2	0.915	1.0	 0.00	0	1	25	0.000	1	102.337
 	2003	 5	 5	20.952	 28.8	 11.4	1.274	1.1	 0.40	0	1	25	0.000	1	102.340
 	2003	 5	 6	 5.936	 14.4	  7.3	1.198	0.8	 0.00	0	1	25	0.000	1	102.342
 	2003	 5	 7	23.147	 19.3	  6.8	1.129	0.6	 0.00	0	1	25	0.000	1	102.345
 	2003	 5	 8	21.401	 23.4	  7.3	1.326	0.9	 0.00	0	1	25	0.179	1	102.348
 	2003	 5	 9	 6.964	 15.4	  7.5	1.324	0.7	 0.00	0	1	25	0.357	1	102.351
 	2003	 5	10	10.765	 15.9	  6.7	1.199	0.7	 0.00	0	1	25	0.536	1	102.353
 	2003	 5	11	17.228	 21.2	  6.2	1.178	0.6	 0.00	0	1	25	0.714	1	102.356
 	2003	 5	12	17.574	 18.4	  6.3	1.136	1.1	 0.00	0	1	25	0.893	1	102.359
 	2003	 5	13	11.318	 12.7	  1.2	0.993	1.2	 5.75	0	1	25	1.071	1	102.362
 	2003	 5	14	14.826	 13.3	  1.4	0.936	1.3	 2.12	0	1	25	1.250	1	102.364
 	2003	 5	15	14.990	 12.6	  2.0	0.898	0.8	 0.30	0	1	25	1.429	1	102.367
 	2003	 5	16	18.058	 16.1	  1.6	0.880	0.6	 0.00	0	1	25	1.607	1	102.370
 	2003	 5	17	 9.072	 15.4	  6.2	0.971	1.1	 3.63	0	1	25	1.786	1	102.373
 	2003	 5	18	10.161	 16.4	  8.9	1.398	1.1	19.16	0	1	25	1.964	1	102.375
 	2003	 5	19	 7.465	 12.5	  8.5	1.254	1.1	 3.43	0	1	25	2.143	1	102.378
 	2003	 5	20	19.440	 15.7	  6.8	1.012	1.6	 0.37	0	1	25	2.321	1	102.381
 	2003	 5	21	11.604	 14.2	  5.9	1.198	1.2	 3.38	0	1	25	2.500	1	102.384
 	2003	 5	22	 6.437	 11.7	  5.7	1.145	0.9	 2.86	0	1	25	2.679	1	102.386
 	2003	 5	23	 8.398	 16.3	  9.8	1.471	1.1	 0.59	0	1	25	2.857	1	102.389
 	2003	 5	24	19.060	 24.2	  9.5	1.683	0.8	 0.07	0	1	25	3.036	1	102.392
 	2003	 5	25	 8.787	 17.5	 10.1	1.408	0.8	 0.15	0	1	25	3.214	1	102.395
 	2003	 5	26	15.120	 17.5	  7.8	1.193	0.6	 0.00	0	1	25	3.393	1	102.397
 	2003	 5	27	 9.418	 18.7	 10.2	1.292	0.7	 0.00	0	1	25	3.571	1	102.400
 	2003	 5	28	19.405	 20.7	 10.0	1.248	1.1	 0.00	0	1	25	3.750	1	102.403
 	2003	 5	29	25.782	 25.0	  9.7	1.421	1.1	 0.00	0	1	25	3.929	1	102.405
 	2003	 5	30	23.414	 28.1	 12.1	1.747	0.6	 0.85	0	1	25	4.107	1	102.408
 	2003	 5	31	18.809	 22.6	 13.4	1.840	0.7	11.89	0	1	25	4.286	1	102.411
 	2003	 6	 1	22.170	 26.5	 12.8	1.951	0.8	 0.00	0	1	25	4.464	1	102.414
 	2003	 6	 2	24.581	 27.8	 13.0	1.675	1.1	 0.00	0	1	25	4.643	1	102.416
 	2003	 6	 3	13.211	 25.9	 15.1	2.175	0.6	 0.45	0	1	25	4.821	1	102.419
 	2003	 6	 4	21.816	 28.7	 15.4	1.905	0.9	 0.00	0	1	25	5.000	1	102.422
 	2003	 6	 5	16.390	 25.8	 13.7	2.127	0.8	 3.93	0	1	25	5.000	1	102.425
 	2003	 6	 6	25.047	 25.4	 10.6	1.651	0.7	 0.00	0	1	25	5.000	1	102.427
 	2003	 6	 7	21.574	 25.9	 12.8	1.711	0.6	 0.00	0	1	25	5.000	1	102.430
 	2003	 6	 8	19.414	 27.0	 15.1	2.192	1.0	15.54	0	1	25	5.000	1	102.433
 	2003	 6	 9	25.557	 20.7	  7.5	1.287	1.3	 0.00	0	1	25	5.000	1	102.436
 	2003	 6	10	19.630	 27.2	  9.3	1.792	0.9	 4.11	0	1	25	5.000	1	102.438
 	2003	 6	11	21.453	 21.9	 11.7	1.561	1.1	 0.00	0	1	25	5.000	1	102.441
 	2003	 6	12	19.967	 25.2	 11.6	1.646	0.6	 0.00	0	1	25	5.000	1	102.444
 	2003	 6	13	25.428	 22.0	 10.1	1.300	0.7	 0.00	0	1	25	5.000	1	102.447
 	2003	 6	14	14.671	 21.4	  8.9	1.402	0.7	 0.00	0	1	25	5.000	1	102.449
 	2003	 6	15	25.635	 21.9	  7.9	1.330	0.7	 0.00	0	1	25	5.000	1	102.452
 	2003	 6	16	24.814	 20.7	  8.5	1.243	0.7	 0.00	0	1	25	5.000	1	102.455
 	2003	 6	17	26.196	 24.4	  8.8	1.382	1.0	 3.44	0	1	25	5.000	1	102.458
 	2003	 6	18	11.552	 20.5	 13.1	1.842	0.8	 5.60	0	1	25	5.000	1	102.460
 	2003	 6	19	10.109	 17.5	 12.9	1.604	1.5	 3.04	0	1	25	5.000	1	102.463
 	2003	 6	20	19.596	 17.5	  7.8	1.132	1.7	 0.00	0	1	25	5.000	1	102.466
 	2003	 6	21	12.390	 15.8	  6.8	1.141	1.0	 0.00	0	1	25	5.000	1	102.468
 	2003	 6	22	15.457	 23.0	  7.6	1.426	0.6	 0.00	0	1	25	5.000	1	102.471
 	2003	 6	23	17.254	 28.8	 12.7	2.063	1.5	 6.48	0	1	25	5.000	1	102.474
 	2003	 6	24	17.626	 21.0	 10.5	1.465	1.1	 0.00	0	1	25	5.000	1	102.477
 	2003	 6	25	22.784	 19.4	  8.6	1.298	0.8	 0.00	0	1	25	5.000	1	102.479
 	2003	 6	26	24.659	 20.0	  7.2	1.291	1.0	 0.00	0	1	25	5.000	1	102.482
 	2003	 6	27	26.335	 24.2	 10.0	1.402	1.1	 0.00	0	1	25	5.000	1	102.485
 	2003	 6	28	13.392	 20.7	 11.5	1.273	0.8	 0.00	0	1	25	5.000	1	102.488
 	2003	 6	29	20.148	 24.8	 12.5	1.740	0.7	 0.00	0	1	25	5.000	1	102.490
 	2003	 6	30	14.576	 22.8	 10.8	1.689	0.7	 0.00	0	1	25	5.000	1	102.493
 	2003	 7	 1	12.925	 20.0	 11.9	1.679	1.3	 4.95	0	1	25	5.000	1	102.496
 	2003	 7	 2	12.364	 18.2	 11.2	1.659	1.6	10.70	0	1	25	5.000	1	102.499
 	2003	 7	 3	11.759	 15.9	 10.5	1.431	1.5	 1.35	0	1	25	5.000	1	102.501
 	2003	 7	 4	 7.500	 15.4	 11.2	1.463	1.5	 4.05	0	1	25	5.000	1	102.504
 	2003	 7	 5	 6.731	 13.1	 10.4	1.384	1.4	 0.68	0	1	25	5.000	1	102.507
 	2003	 7	 6	 6.670	 14.3	 10.3	1.369	1.0	 0.00	0	1	25	5.000	1	102.510
 	2003	 7	 7	10.161	 19.1	 10.6	1.448	0.6	 0.00	0	1	25	5.000	1	102.512
 	2003	 7	 8	17.928	 22.5	 10.8	1.468	0.7	 0.00	0	1	25	5.000	1	102.515
 	2003	 7	 9	15.284	 21.6	  9.4	1.504	1.0	 0.00	0	1	25	5.000	1	102.518
 	2003	 7	10	22.067	 20.7	  7.4	1.267	0.7	 0.00	0	1	25	5.000	1	102.521
 	2003	 7	11	19.820	 25.4	 10.3	1.506	1.0	 0.00	0	1	25	5.000	1	102.523
 	2003	 7	12	15.863	 21.5	 10.8	1.428	0.9	 0.00	0	1	25	5.000	1	102.526
 	2003	 7	13	21.902	 22.8	  7.6	1.413	0.8	 0.00	0	1	25	5.000	1	102.529
 	2003	 7	14	26.948	 26.7	  9.5	1.384	1.2	 0.00	0	1	25	5.000	1	102.532
 	2003	 7	15	27.000	 29.1	 13.1	1.439	1.4	 0.09	0	1	25	5.000	1	102.534
 	2003	 7	16	22.153	 31.6	 15.5	1.987	1.6	 6.91	0	1	25	5.000	1	102.537
 	2003	 7	17	19.958	 25.6	 13.6	1.888	1.1	 0.09	0	1	25	5.000	1	102.540
 	2003	 7	18	18.611	 26.0	 12.2	1.650	1.0	 0.00	0	1	25	5.000	1	102.542
 	2003	 7	19	25.428	 30.6	 14.9	1.613	0.9	 0.00	0	1	25	5.000	1	102.545
 	2003	 7	20	22.948	 31.9	 15.5	1.817	1.2	 1.42	0	1	25	5.000	1	102.548
 	2003	 7	21	14.334	 25.8	 15.3	1.872	0.6	 4.64	0	1	25	5.000	1	102.551
 	2003	 7	22	19.829	 25.1	 13.6	1.874	0.8	 0.09	0	1	25	5.000	1	102.553
 	2003	 7	23	12.969	 23.4	 13.0	1.707	0.6	 0.97	0	1	25	5.000	1	102.556
 	2003	 7	24	11.249	 23.0	 12.5	1.831	0.7	 5.27	0	1	25	5.000	1	102.559
 	2003	 7	25	20.814	 23.3	 12.6	1.555	0.8	 2.99	0	1	25	5.000	1	102.562
 	2003	 7	26	 9.634	 21.1	 13.6	1.827	1.0	 5.71	0	1	25	5.000	1	102.564
 	2003	 7	27	 9.616	 22.6	 15.4	2.066	1.1	 1.49	0	1	25	5.000	1	102.567
 	2003	 7	28	11.258	 19.4	 12.2	1.580	0.8	 0.00	0	1	25	5.000	1	102.570
 	2003	 7	29	20.477	 24.2	 11.9	1.523	0.6	 0.00	0	1	25	5.000	1	102.573
 	2003	 7	30	13.910	 23.8	 12.3	1.664	0.9	 0.00	0	1	25	5.000	1	102.575
 	2003	 7	31	13.643	 24.1	 13.0	1.665	0.7	 0.00	0	1	25	5.000	1	102.578
 	2003	 8	 1	23.181	 28.4	 14.2	1.619	0.6	 0.00	0	1	25	5.000	1	102.581
 	2003	 8	 2	20.123	 30.0	 16.5	1.775	0.7	 0.00	0	1	25	5.000	1	102.584
 	2003	 8	 3	22.308	 30.0	 17.3	2.021	0.6	 0.00	0	1	25	5.000	1	102.586
 	2003	 8	 4	24.304	 30.0	 14.9	1.841	0.6	 0.00	0	1	25	5.000	1	102.589
 	2003	 8	 5	23.371	 29.5	 16.3	1.614	0.7	 0.00	0	1	25	5.000	1	102.592
 	2003	 8	 6	23.890	 28.6	 15.4	1.473	0.8	 0.00	0	1	25	5.000	1	102.595
 	2003	 8	 7	20.866	 32.3	 16.0	1.530	0.8	 0.00	0	1	25	5.000	1	102.597
 	2003	 8	 8	23.475	 32.7	 19.4	1.440	0.9	 0.00	0	1	25	5.000	1	102.600
 	2003	 8	 9	22.879	 33.9	 20.0	1.526	1.0	 0.00	0	1	25	5.000	1	102.603
 	2003	 8	10	22.706	 31.8	 19.5	1.603	1.0	 0.00	0	1	25	5.000	1	102.605
 	2003	 8	11	22.706	 29.4	 15.6	1.350	1.1	 0.00	0	1	25	5.000	1	102.608
 	2003	 8	12	21.168	 34.2	 16.9	1.497	0.8	 0.09	0	1	25	5.000	1	102.611
 	2003	 8	13	21.773	 28.0	 17.2	1.809	1.3	 0.64	0	1	25	5.000	1	102.614
 	2003	 8	14	15.353	 22.5	 11.4	1.324	1.1	 0.09	0	1	25	5.000	1	102.616
 	2003	 8	15	17.505	 22.2	  9.6	1.297	1.1	 0.00	0	1	25	5.000	1	102.619
 	2003	 8	16	21.540	 24.0	  7.8	1.293	0.6	 0.00	0	1	25	5.000	1	102.622
 	2003	 8	17	18.032	 26.7	  9.5	1.290	1.0	 0.09	0	1	25	5.000	1	102.625
 	2003	 8	18	 8.865	 24.5	 15.0	2.031	1.0	 7.64	0	1	25	5.000	1	102.627
 	2003	 8	19	11.776	 22.6	 11.3	1.714	1.2	 0.10	0	1	25	5.000	1	102.630
 	2003	 8	20	19.475	 21.1	  7.8	1.246	0.7	 0.00	0	1	25	5.000	1	102.633
 	2003	 8	21	16.641	 24.0	  9.6	1.358	0.7	 0.00	0	1	25	5.000	1	102.636
 	2003	 8	22	13.582	 22.6	 10.6	1.467	1.4	 1.24	0	1	25	5.000	1	102.638
 	2003	 8	23	 5.676	 17.7	 10.0	1.627	0.9	10.48	0	1	25	5.000	1	102.641
 	2003	 8	24	 5.270	 15.9	  8.2	1.317	0.6	 0.00	0	1	25	5.000	1	102.644
 	2003	 8	25	16.140	 22.5	 12.0	1.527	0.7	 0.00	0	1	25	5.000	1	102.647
 	2003	 8	26	18.412	 22.9	 11.1	1.460	0.9	 0.10	0	1	25	5.000	1	102.649
 	2003	 8	27	 5.340	 15.9	  8.6	1.155	1.2	 0.00	0	1	25	5.000	1	102.652
 	2003	 8	28	10.368	 19.1	  9.0	1.260	0.5	 7.47	0	1	25	5.000	1	102.655
 	2003	 8	29	 5.400	 16.1	 10.8	1.563	0.8	14.07	0	1	25	5.000	1	102.658
 	2003	 8	30	11.051	 18.6	  7.6	1.434	0.9	 2.49	0	1	25	5.000	1	102.660
 	2003	 8	31	10.644	 13.8	  7.8	1.265	1.1	 6.89	0	1	25	5.000	1	102.663
 	2003	 9	 1	 8.001	 13.5	  6.0	1.216	0.9	 9.38	0	1	25	5.000	1	102.666
 	2003	 9	 2	13.314	 17.0	  5.3	1.174	0.7	 0.00	0	1	25	5.000	1	102.668
 	2003	 9	 3	16.209	 19.2	  4.6	1.152	0.7	 0.00	0	1	25	5.000	1	102.671
 	2003	 9	 4	 9.115	 17.4	  7.3	1.234	0.6	 0.00	0	1	25	5.000	1	102.674
 	2003	 9	 5	17.064	 21.1	  8.5	1.318	1.2	 0.00	0	1	25	5.000	1	102.677
 	2003	 9	 6	12.036	 22.5	  9.5	1.330	1.0	 0.35	0	1	25	5.000	1	102.679
 	2003	 9	 7	 6.782	 18.2	 11.2	1.608	0.6	 2.95	0	1	25	5.000	1	102.682
 	2003	 9	 8	 3.871	 13.7	  8.1	1.324	0.8	 3.66	0	1	25	5.000	1	102.685
 	2003	 9	 9	11.543	 18.5	  7.0	1.394	0.7	 0.11	0	1	25	5.000	1	102.688
 	2003	 9	10	 7.309	 14.2	  6.8	1.226	1.0	42.18	0	1	25	5.000	1	102.690
 	2003	 9	11	 3.776	 11.3	  7.0	1.170	1.2	10.65	0	1	25	5.000	1	102.693
 	2003	 9	12	 9.824	 15.3	  8.5	1.325	0.7	 0.33	0	1	25	5.000	1	102.696
 	2003	 9	13	12.813	 17.8	  6.9	1.319	0.7	 0.00	0	1	25	5.000	1	102.699
 	2003	 9	14	14.757	 19.8	  7.1	1.377	0.7	 0.00	0	1	25	5.000	1	102.701
 	2003	 9	15	13.254	 21.1	  9.0	1.533	0.7	 0.00	0	1	25	5.000	1	102.704
 	2003	 9	16	12.442	 22.4	 10.5	1.651	0.6	 0.00	0	1	25	5.000	1	102.707
 	2003	 9	17	12.226	 24.5	  9.0	1.562	0.6	 0.00	0	1	25	5.000	1	102.710
 	2003	 9	18	14.913	 24.8	 10.9	1.441	0.7	 0.00	0	1	25	5.000	1	102.712
 	2003	 9	19	14.532	 27.6	 12.2	1.790	0.7	 0.00	0	1	25	5.000	1	102.715
 	2003	 9	20	14.273	 27.1	 13.0	1.678	0.6	 0.00	0	1	25	5.000	1	102.718
 	2003	 9	21	14.135	 24.3	 14.5	1.547	0.9	 0.00	0	1	25	5.000	1	102.721
 	2003	 9	22	13.634	 25.0	 13.8	1.590	1.2	 8.65	0	1	25	5.000	1	102.723
 	2003	 9	23	 5.918	 14.4	  3.1	1.166	1.1	 2.02	0	1	25	5.000	1	102.726
 	2003	 9	24	11.094	 13.4	  3.3	1.005	0.7	 0.00	0	1	25	5.000	1	102.729
 	2003	 9	25	12.658	 15.7	  3.9	0.985	1.0	 0.00	0	1	25	5.000	1	102.732
 	2003	 9	26	10.584	 19.9	  6.1	1.110	1.1	 0.53	0	1	25	5.000	1	102.734
 	2003	 9	27	 5.435	 13.8	  5.8	1.113	0.8	 0.26	0	1	25	5.000	1	102.737
 	2003	 9	28	 2.696	 10.6	  5.4	1.066	1.0	 5.36	0	1	25	5.000	1	102.740
 	2003	 9	29	 3.024	 10.8	  6.0	1.115	0.9	 6.94	0	1	25	5.000	1	102.742
 	2003	 9	30	 7.154	 11.2	  2.7	0.995	0.8	 0.00	0	1	25	4.914	1	102.745
 	2003	10	 1	 5.625	 12.3	  3.8	1.038	1.1	 4.38	0	1	25	4.828	1	102.748
 	2003	10	 2	 4.925	 14.8	  7.7	1.326	0.7	 0.00	0	1	25	4.741	1	102.751
 	2003	10	 3	 2.385	 13.2	  7.7	1.284	0.9	47.11	0	1	25	4.655	1	102.753
 	2003	10	 4	 5.495	 11.2	  5.6	1.075	1.2	 0.60	0	1	25	4.569	1	102.756
 	2003	10	 5	 5.460	 10.9	  2.5	0.926	0.6	 1.10	0	1	25	4.483	1	102.759
 	2003	10	 6	 2.488	  5.9	  3.4	0.837	1.6	14.24	0	1	25	4.397	1	102.762
 	2003	10	 7	 2.609	  6.1	  2.2	0.829	1.9	14.60	0	1	25	4.310	1	102.764
 	2003	10	 8	 2.117	  8.0	  3.2	0.921	1.7	11.74	0	1	25	4.224	1	102.767
 	2003	10	 9	 5.011	 10.4	  5.5	1.039	1.5	 3.72	0	1	25	4.138	1	102.770
 	2003	10	10	 1.979	 11.1	  6.8	1.155	1.6	 0.48	0	1	25	4.052	1	102.773
 	2003	10	11	 2.462	 10.5	  6.2	1.009	1.2	 0.00	0	1	25	3.966	1	102.775
 	2003	10	12	 7.646	 10.4	  2.2	0.870	0.6	 0.00	0	1	25	3.879	1	102.778
 	2003	10	13	 7.603	 10.0	  1.7	0.854	0.9	 0.00	0	1	25	3.793	1	102.781
 	2003	10	14	 7.672	  7.8	  0.1	0.736	1.2	 0.00	0	1	25	3.707	1	102.784
 	2003	10	15	 7.620	  8.5	 -0.3	0.760	1.0	 0.00	0	1	25	3.621	1	102.786
 	2003	10	16	 7.422	  7.2	 -0.1	0.738	0.9	 0.00	0	1	25	3.534	1	102.789
 	2003	10	17	 8.968	  7.5	 -0.7	0.679	1.1	 0.00	0	1	25	3.448	1	102.792
 	2003	10	18	 8.191	  8.5	 -1.4	0.681	1.0	 0.00	0	1	25	3.362	1	102.795
 	2003	10	19	 6.800	  7.5	 -0.6	0.713	0.5	 0.00	0	1	25	3.276	1	102.797
 	2003	10	20	 2.065	  4.6	 -0.6	0.645	0.9	 0.00	0	1	25	3.190	1	102.800
 	2003	10	21	 1.339	  3.3	  0.2	0.697	0.5	 6.37	0	1	25	3.103	1	102.803
 	2003	10	22	 1.011	  2.4	 -0.8	0.651	0.9	 1.30	0	1	25	3.017	1	102.805
 	2003	10	23	 1.849	  0.0	 -5.3	0.506	1.1	 0.00	0	1	25	2.931	1	102.808
 	2003	10	24	 2.229	 -0.2	 -8.0	0.421	0.6	 0.00	0	1	25	2.845	1	102.811
 	2003	10	25	 1.097	  3.2	 -1.4	0.660	1.5	 4.81	0	1	25	2.759	1	102.814
 	2003	10	26	 0.734	  3.2	  1.0	0.713	1.1	 5.85	0	1	25	2.672	1	102.816
 	2003	10	27	 2.160	  2.9	 -1.7	0.639	0.6	 0.26	0	1	25	2.586	1	102.819
 	2003	10	28	 6.445	  3.7	 -1.7	0.621	0.8	 1.55	0	1	25	2.500	1	102.822
 	2003	10	29	 1.089	  5.5	 -0.8	0.710	0.8	 5.04	0	1	25	2.414	1	102.825
 	2003	10	30	 0.916	  4.6	  2.3	0.777	0.8	 0.29	0	1	25	2.328	1	102.827
 	2003	10	31	 0.873	  5.6	  1.2	0.780	1.2	 1.07	0	1	25	2.241	1	102.830
 	2003	11	 1	 1.184	  8.1	  4.2	0.924	1.1	 1.55	0	1	25	2.155	1	102.833
 	2003	11	 2	 4.260	  7.1	  5.0	0.856	1.4	 1.65	0	1	25	2.069	1	102.836
 	2003	11	 3	 1.788	  9.5	  6.2	1.036	1.7	 3.98	0	1	25	1.983	1	102.838
 	2003	11	 4	 4.277	 10.7	  3.3	0.938	1.3	 0.00	0	1	25	1.897	1	102.841
 	2003	11	 5	 5.936	 10.7	  3.1	0.902	0.8	 0.00	0	1	25	1.810	1	102.844
 	2003	11	 6	 5.996	 11.1	  0.8	0.807	1.2	 0.00	0	1	25	1.724	1	102.847
 	2003	11	 7	 3.681	  5.0	 -0.5	0.701	1.5	 0.00	0	1	25	1.638	1	102.849
 	2003	11	 8	 2.834	  6.1	  2.1	0.727	2.0	 0.00	0	1	25	1.552	1	102.852
 	2003	11	 9	 5.305	 10.2	  0.6	0.838	1.1	 0.00	0	1	25	1.466	1	102.855
 	2003	11	10	 2.488	  3.7	 -0.9	0.677	1.2	 0.00	0	1	25	1.379	1	102.858
 	2003	11	11	 3.223	  4.2	 -0.6	0.677	1.2	 0.00	0	1	25	1.293	1	102.860
 	2003	11	12	 5.210	  3.4	 -2.4	0.549	1.1	 0.00	0	1	25	1.207	1	102.863
 	2003	11	13	 0.380	  4.5	 -2.2	0.681	0.5	 0.88	0	1	25	1.121	1	102.866
 	2003	11	14	 0.441	  4.1	  0.8	0.733	1.0	 0.10	0	1	25	1.034	1	102.868
 	2003	11	15	 1.045	  7.2	  2.8	0.837	1.2	 0.10	0	1	25	0.948	1	102.871
 	2003	11	16	 0.285	  5.9	  0.7	0.786	0.6	18.50	0	1	25	0.862	1	102.874
 	2003	11	17	 0.276	  4.9	  2.6	0.801	1.6	 2.82	0	1	25	0.776	1	102.877
 	2003	11	18	 0.233	  9.9	  4.0	1.017	1.4	 2.29	0	1	25	0.690	1	102.879
 	2003	11	19	 0.639	  9.9	  8.7	1.172	1.8	 3.49	0	1	25	0.603	1	102.882
 	2003	11	20	 0.864	  9.4	  6.0	1.057	1.1	 0.00	0	1	25	0.517	1	102.885
 	2003	11	21	 2.082	  7.8	  3.8	0.902	0.9	 0.00	0	1	25	0.431	1	102.888
 	2003	11	22	 1.339	  9.1	  5.2	0.990	1.0	 1.32	0	1	25	0.345	1	102.890
 	2003	11	23	 1.901	 11.3	  6.2	0.938	1.0	 0.36	0	1	25	0.259	1	102.893
 	2003	11	24	 1.719	 12.4	  6.5	1.047	1.0	 0.00	0	1	25	0.172	1	102.896
 	2003	11	25	 1.616	 11.1	  7.1	1.142	0.6	 0.00	0	1	25	0.086	1	102.899
 	2003	11	26	 1.037	  8.6	  3.5	0.923	1.2	 0.00	0	1	25	0.000	1	102.901
 	2003	11	27	 0.873	  6.3	  3.5	0.870	0.7	 7.92	0	1	25	0.000	1	102.904
 	2003	11	28	 0.752	  4.8	  3.4	0.820	0.8	 3.60	0	1	25	0.000	1	102.907
 	2003	11	29	 1.322	  4.9	  2.9	0.809	0.6	 0.00	0	1	25	0.000	1	102.910
 	2003	11	30	 1.607	  4.9	  2.8	0.799	1.3	 0.62	0	1	25	0.000	1	102.912
 	2003	12	 1	 0.795	  5.5	  3.0	0.772	1.0	 0.00	0	1	25	0.000	1	102.915
 	2003	12	 2	 1.728	  4.7	  2.1	0.720	1.0	 0.10	0	1	25	0.000	1	102.918
 	2003	12	 3	 1.659	  6.5	  1.1	0.815	0.5	 0.19	0	1	25	0.000	1	102.921
 	2003	12	 4	 0.518	  1.9	  1.2	0.683	1.0	 0.38	0	1	25	0.000	1	102.923
 	2003	12	 5	 1.305	  1.9	  0.0	0.656	0.7	 1.44	0	1	25	0.000	1	102.926
 	2003	12	 6	 1.685	  3.3	 -3.6	0.559	1.2	 1.06	0	1	25	0.000	1	102.929
 	2003	12	 7	 2.532	 -2.1	 -6.8	0.401	0.8	 0.00	0	1	25	0.000	1	102.932
 	2003	12	 8	 2.678	 -0.6	 -6.4	0.327	0.6	 0.10	0	1	25	0.000	1	102.934
 	2003	12	 9	 2.739	  4.9	 -3.5	0.254	0.9	 0.12	0	1	25	0.000	1	102.937
 	2003	12	10	 2.557	  4.7	 -3.0	0.450	0.8	 0.00	0	1	25	0.000	1	102.940
 	2003	12	11	 1.011	 -0.5	 -3.9	0.518	1.2	 2.37	0	1	25	0.000	1	102.942
 	2003	12	12	 1.901	  1.7	 -1.2	0.625	1.0	 8.88	0	1	25	0.000	1	102.945
 	2003	12	13	 0.251	  8.8	  0.4	0.881	1.7	52.22	0	1	25	0.000	1	102.948
 	2003	12	14	 0.389	  7.9	  0.3	0.845	2.1	 7.58	0	1	25	0.000	1	102.951
 	2003	12	15	 0.181	  0.3	 -1.8	0.580	1.8	 0.00	0	1	25	0.000	1	102.953
 	2003	12	16	 0.372	  1.7	 -1.3	0.623	1.0	 5.70	0	1	25	0.000	1	102.956
 	2003	12	17	 1.633	  2.5	 -0.5	0.654	1.0	 2.46	0	1	25	0.000	1	102.959
 	2003	12	18	 2.454	  2.1	 -1.5	0.585	0.8	 0.00	0	1	25	0.000	1	102.962
 	2003	12	19	 0.631	  1.1	 -1.8	0.592	0.8	 0.20	0	1	25	0.000	1	102.964
 	2003	12	20	 0.579	  6.0	  1.0	0.796	1.3	 9.53	0	1	25	0.000	1	102.967
 	2003	12	21	 0.527	  6.1	  0.7	0.768	2.3	 4.32	0	1	25	0.000	1	102.970
 	2003	12	22	 0.216	  0.8	 -7.6	0.496	1.1	 0.00	0	1	25	0.000	1	102.973
 	2003	12	23	 0.950	 -2.4	 -9.3	0.407	1.0	 0.07	0	1	25	0.000	1	102.975
 	2003	12	24	 0.907	 -1.3	 -2.9	0.488	1.2	 0.00	0	1	25	0.000	1	102.978
 	2003	12	25	 0.484	  1.0	 -2.2	0.565	1.4	 2.53	0	1	25	0.000	1	102.981
 	2003	12	26	 0.769	  1.7	  0.7	0.660	1.2	 0.84	0	1	25	0.000	1	102.984
 	2003	12	27	 0.639	  3.5	  1.0	0.714	1.5	 5.48	0	1	25	0.000	1	102.986
 	2003	12	28	 0.596	  5.7	  1.3	0.746	2.0	 1.55	0	1	25	0.000	1	102.989
 	2003	12	29	 0.933	  1.4	 -2.6	0.561	1.4	 0.00	0	1	25	0.000	1	102.992
 	2003	12	30	 0.829	  0.1	 -4.0	0.513	0.6	 0.00	0	1	25	0.000	1	102.995
 	2003	12	31	 0.890	 -0.1	 -3.6	0.516	0.7	 0.00	0	1	25	0.000	1	102.997
